# columns: two_theta_deg intensity sigma
3.00100 2978 5.45545
3.01800 2985 5.46358
3.03500 2932 5.4153
3.05200 2859 5.34522
3.06900 2834 5.32246
3.08600 2830 5.32246
3.10300 2822 5.31494
3.12000 2758 5.24864
3.13700 2803 5.29256
3.15400 2763 5.25588
3.17100 2770 5.26316
3.18800 2771 5.26316
3.20500 2752 5.24864
3.22200 2706 5.19875
3.23900 2690 5.18476
3.25600 2647 5.14344
3.27300 2659 5.15711
3.29000 2665 5.16398
3.30700 2653 5.15026
3.32400 2642 5.13665
3.34100 2606 5.1031
3.35800 2572 5.0702
3.37500 2592 5.08987
3.39200 2573 5.0702
3.40900 2545 5.04433
3.42600 2518 5.01886
3.44300 2512 5.01255
3.46000 2503 5
3.47700 2467 4.96904
3.49400 2434 4.93264
3.51100 2402 4.9029
3.52800 2440 4.93865
3.54500 2452 4.95074
3.56200 2384 4.88532
3.57900 2413 4.91473
3.59600 2431 4.93264
3.61300 2394 4.89116
3.63000 2384 4.88532
3.64700 2373 4.8737
3.66400 2377 4.8737
3.68100 2348 4.84502
3.69800 2379 4.8795
3.71500 2379 4.8795
3.73200 2316 4.81125
3.74900 2317 4.81125
3.76600 2323 4.82243
3.78300 2363 4.86217
3.80000 2344 4.83934
3.81700 2299 4.79463
3.83400 2298 4.79463
3.85100 2289 4.78365
3.86800 2285 4.77818
3.88500 2286 4.78365
3.90200 2320 4.81683
3.91900 2320 4.81683
3.93600 2263 4.75651
3.95300 2340 4.83934
3.97000 2270 4.7619
3.98700 2308 4.80569
4.00400 2278 4.77274
4.02100 2257 4.75114
4.03800 2252 4.74579
4.05500 2306 4.80015
4.07200 2275 4.76731
4.08900 2201 4.69323
4.10600 2271 4.76731
4.12300 2216 4.70882
4.14000 2167 4.65746
4.15700 2139 4.6225
4.17400 2197 4.68807
4.19100 2235 4.72984
4.20800 2202 4.69323
4.22500 2242 4.73514
4.24200 2244 4.73514
4.25900 2229 4.71929
4.27600 2169 4.65746
4.29300 2189 4.6778
4.31000 2176 4.66252
4.32700 2156 4.64238
4.34400 2192 4.68293
4.36100 2177 4.6676
4.37800 2168 4.65746
4.39500 2183 4.67269
4.41200 2160 4.64739
4.42900 2183 4.67269
4.44600 2200 4.68807
4.46300 2197 4.68807
4.48000 2200 4.68807
4.49700 2192 4.68293
4.51400 2208 4.69841
4.53100 2191 4.68293
4.54800 2179 4.6676
4.56500 2173 4.66252
4.58200 2135 4.6225
4.59900 2167 4.65746
4.61600 2182 4.67269
4.63300 2168 4.65746
4.65000 2165 4.65242
4.66700 2209 4.69841
4.68400 2125 4.60776
4.70100 2138 4.6225
4.71800 2152 4.63739
4.73500 2157 4.64238
4.75200 2145 4.63241
4.76900 2129 4.61266
4.78600 2156 4.64238
4.80300 2155 4.64238
4.82000 2144 4.63241
4.83700 2127 4.61266
4.85400 2130 4.61757
4.87100 2136 4.6225
4.88800 2130 4.61757
4.90500 2201 4.69323
4.92200 2149 4.63739
4.93900 2184 4.67269
4.95600 2130 4.61757
4.97300 2124 4.60776
4.99000 2143 4.62745
5.00700 2144 4.63241
5.02400 2145 4.63241
5.04100 2126 4.61266
5.05800 2130 4.61757
5.07500 2117 4.60287
5.09200 2111 4.59315
5.10900 2119 4.60287
5.12600 2117 4.60287
5.14300 2132 4.61757
5.16000 2109 4.59315
5.17700 2087 4.56912
5.19400 2095 4.57869
5.21100 2128 4.61266
5.22800 2135 4.6225
5.24500 2096 4.57869
5.26200 2076 4.55488
5.27900 2113 4.598
5.29600 2074 4.55488
5.31300 2082 4.56435
5.33000 2118 4.60287
5.34700 2099 4.58349
5.36400 2064 4.54545
5.38100 2030 4.50377
5.39800 2058 4.53609
5.41500 2073 4.55488
5.43200 2083 4.56435
5.44900 2090 4.57389
5.46600 2067 4.54545
5.48300 2051 4.52679
5.50000 2067 4.54545
5.51700 2042 4.51754
5.53400 2055 4.53143
5.55100 2074 4.55488
5.56800 2082 4.56435
5.58500 2090 4.57389
5.60200 2082 4.56435
5.61900 2050 4.52679
5.63600 2023 4.49921
5.65300 2045 4.52216
5.67000 2014 4.48561
5.68700 2077 4.55961
5.70400 2034 4.50835
5.72100 2073 4.55488
5.73800 2015 4.49013
5.75500 2066 4.54545
5.77200 2039 4.51754
5.78900 2013 4.48561
5.80600 2020 4.49467
5.82300 2050 4.52679
5.84000 2046 4.52216
5.85700 2036 4.51294
5.87400 2017 4.49013
5.89100 2031 4.50835
5.90800 2053 4.53143
5.92500 1986 4.45435
5.94200 2064 4.54545
5.95900 2000 4.47214
5.97600 2027 4.50377
5.99300 2041 4.51754
6.01000 2004 4.47661
6.02700 2017 4.49013
6.04400 2049 4.52679
6.06100 2028 4.50377
6.07800 2041 4.51754
6.09500 2050 4.52679
6.11200 2018 4.49013
6.12900 2009 4.48111
6.14600 2011 4.48561
6.16300 1985 4.45435
6.18000 1933 4.39799
6.19700 1966 4.43242
6.21400 2003 4.47661
6.23100 1965 4.43242
6.24800 1968 4.43678
6.26500 2023 4.49921
6.28200 2011 4.48561
6.29900 1946 4.41081
6.31600 1953 4.41942
6.33300 1960 4.42807
6.35000 1952 4.41942
6.36700 1980 4.44994
6.38400 1983 4.45435
6.40100 1954 4.41942
6.41800 1932 4.39375
6.43500 1934 4.39799
6.45200 1952 4.41942
6.46900 1966 4.43242
6.48600 1964 4.43242
6.50300 1979 4.44994
6.52000 1977 4.44554
6.53700 1945 4.41081
6.55400 1938 4.40225
6.57100 1954 4.41942
6.58800 1930 4.39375
6.60500 1930 4.39375
6.62200 1926 4.38951
6.63900 1906 4.36436
6.65600 1899 4.35607
6.67300 1979 4.44994
6.69000 1925 4.38951
6.70700 1905 4.36436
6.72400 1955 4.41942
6.74100 1928 4.38951
6.75800 1933 4.39799
6.77500 1906 4.36436
6.79200 1910 4.36852
6.80900 1916 4.37688
6.82600 1845 4.29537
6.84300 1862 4.31532
6.86000 1944 4.41081
6.87700 1928 4.38951
6.89400 1912 4.37269
6.91100 1882 4.33963
6.92800 1913 4.37269
6.94500 1916 4.37688
6.96200 1917 4.37688
6.97900 1888 4.34372
6.99600 1896 4.35607
7.01300 1880 4.33555
7.03000 1961 4.42807
7.04700 1913 4.37269
7.06400 1913 4.37269
7.08100 1912 4.37269
7.09800 1922 4.38529
7.11500 1916 4.37688
7.13200 1912 4.37269
7.14900 1956 4.42374
7.16600 1924 4.38529
7.18300 1924 4.38529
7.20000 1935 4.39799
7.21700 1947 4.41081
7.23400 1944 4.41081
7.25100 1945 4.41081
7.26800 1957 4.42374
7.28500 1973 4.44116
7.30200 1965 4.43242
7.31900 2006 4.47661
7.33600 2029 4.50377
7.35300 2068 4.54545
7.37000 2098 4.57869
7.38700 2160 4.64739
7.40400 2160 4.64739
7.42100 2209 4.69841
7.43800 2302 4.80015
7.45500 2296 4.78913
7.47200 2331 4.82805
7.48900 2341 4.83934
7.50600 2225 4.71929
7.52300 2031 4.50835
7.54000 1925 4.38951
7.55700 1874 4.32742
7.57400 1887 4.34372
7.59100 1848 4.29934
7.60800 1848 4.29934
7.62500 1839 4.28746
7.64200 1822 4.2679
7.65900 1790 4.22955
7.67600 1844 4.29537
7.69300 1826 4.27179
7.71000 1830 4.2796
7.72700 1816 4.26014
7.74400 1813 4.25628
7.76100 1836 4.28353
7.77800 1778 4.21825
7.79500 1821 4.2679
7.81200 1822 4.2679
7.82900 1808 4.25243
7.84600 1859 4.31131
7.86300 1845 4.29537
7.88000 1857 4.3073
7.89700 1836 4.28353
7.91400 1894 4.35194
7.93100 1844 4.29537
7.94800 1898 4.35607
7.96500 1875 4.33148
7.98200 1908 4.36852
7.99900 1962 4.42807
8.01600 1945 4.41081
8.03300 1960 4.42807
8.05000 1964 4.43242
8.06700 2000 4.47214
8.08400 2007 4.48111
8.10100 2075 4.55488
8.11800 2171 4.65746
8.13500 2192 4.68293
8.15200 2276 4.77274
8.16900 2296 4.78913
8.18600 2379 4.8795
8.20300 2410 4.90881
8.22000 2461 4.96292
8.23700 2574 5.0702
8.25400 2649 5.14344
8.27100 2616 5.11645
8.28800 2440 4.93865
8.30500 2186 4.6778
8.32200 1953 4.41942
8.33900 1819 4.26401
8.35600 1788 4.22955
8.37300 1791 4.23334
8.39000 1767 4.20331
8.40700 1747 4.18121
8.42400 1750 4.18487
8.44100 1742 4.17392
8.45800 1741 4.17392
8.47500 1749 4.18121
8.49200 1764 4.19961
8.50900 1799 4.24094
8.52600 1741 4.17392
8.54300 1719 4.14513
8.56000 1773 4.21076
8.57700 1832 4.2796
8.59400 1781 4.222
8.61100 1793 4.23334
8.62800 1775 4.2145
8.64500 1799 4.24094
8.66200 1843 4.29141
8.67900 1919 4.38108
8.69600 1928 4.38951
8.71300 1928 4.38951
8.73000 1915 4.37688
8.74700 1993 4.46322
8.76400 1951 4.41511
8.78100 1888 4.34372
8.79800 1856 4.3073
8.81500 1812 4.25628
8.83200 1775 4.2145
8.84900 1810 4.25628
8.86600 1754 4.18854
8.88300 1801 4.24476
8.90000 1783 4.222
8.91700 1760 4.19591
8.93400 1821 4.2679
8.95100 1812 4.25628
8.96800 1838 4.28746
8.98500 1773 4.21076
9.00200 1788 4.22955
9.01900 1731 4.15945
9.03600 1725 4.15227
9.05300 1692 4.11345
9.07000 1670 4.08589
9.08700 1610 4.01286
9.10400 1644 4.05554
9.12100 1634 4.04226
9.13800 1577 3.97151
9.15500 1605 4.00642
9.17200 1593 3.99043
9.18900 1590 3.98726
9.20600 1583 3.97779
9.22300 1565 3.95594
9.24000 1582 3.97779
9.25700 1608 4.00963
9.27400 1617 4.02259
9.29100 1613 4.0161
9.30800 1607 4.00963
9.32500 1622 4.02585
9.34200 1629 4.03567
9.35900 1609 4.00963
9.37600 1599 4
9.39300 1625 4.03239
9.41000 1632 4.03896
9.42700 1626 4.03239
9.44400 1621 4.02585
9.46100 1659 4.07231
9.47800 1659 4.07231
9.49500 1648 4.05887
9.51200 1615 4.01934
9.52900 1622 4.02585
9.54600 1646 4.05554
9.56300 1709 4.13449
9.58000 1694 4.11693
9.59700 1618 4.02259
9.61400 1656 4.06894
9.63100 1657 4.06894
9.64800 1665 4.07909
9.66500 1658 4.07231
9.68200 1616 4.01934
9.69900 1572 3.96526
9.71600 1602 4.0032
9.73300 1616 4.01934
9.75000 1585 3.98094
9.76700 1579 3.97464
9.78400 1586 3.98094
9.80100 1619 4.02259
9.81800 1605 4.00642
9.83500 1612 4.0161
9.85200 1614 4.0161
9.86900 1674 4.09273
9.88600 1665 4.07909
9.90300 1664 4.07909
9.92000 1634 4.04226
9.93700 1670 4.08589
9.95400 1700 4.12393
9.97100 1687 4.10651
9.98800 1776 4.2145
10.00500 1793 4.23334
10.02200 1819 4.26401
10.03900 1830 4.2796
10.05600 1896 4.35607
10.07300 1908 4.36852
10.09000 1971 4.44116
10.10700 2071 4.55016
10.12400 2091 4.57389
10.14100 2207 4.69841
10.15800 2382 4.8795
10.17500 2455 4.95682
10.19200 2565 5.0637
10.20900 2690 5.18476
10.22600 2861 5.34522
10.24300 3059 5.53001
10.26000 3238 5.6888
10.27700 3442 5.8621
10.29400 3703 6.08581
10.31100 4003 6.32456
10.32800 4420 6.6519
10.34500 4787 6.91714
10.36200 5161 7.17958
10.37900 5614 7.49532
10.39600 6176 7.85674
10.41300 6753 8.21995
10.43000 7434 8.60663
10.44700 8255 9.09091
10.46400 9198 9.57826
10.48100 10333 10.1535
10.49800 11594 10.7833
10.51500 13062 11.3961
10.53200 15198 12.3091
10.54900 17582 13.2453
10.56600 20279 14.2857
10.58300 23369 15.2499
10.60000 26488 16.2221
10.61700 29913 17.4078
10.63400 33515 18.2574
10.65100 37028 19.245
10.66800 39720 20
10.68500 39576 20
10.70200 35854 18.8982
10.71900 28163 16.6667
10.73600 19059 13.8675
10.75300 11362 10.66
10.77000 6662 8.16497
10.78700 4297 6.55122
10.80400 3135 5.59893
10.82100 2698 5.19174
10.83800 2464 4.96292
10.85500 2341 4.83934
10.87200 2210 4.7036
10.88900 2091 4.57389
10.90600 2129 4.61266
10.92300 2018 4.49013
10.94000 2050 4.52679
10.95700 2039 4.51754
10.97400 2048 4.52679
10.99100 2026 4.49921
11.00800 2052 4.53143
11.02500 2065 4.54545
11.04200 2068 4.54545
11.05900 2097 4.57869
11.07600 2120 4.60287
11.09300 2132 4.61757
11.11000 2156 4.64238
11.12700 2228 4.71929
11.14400 2284 4.77818
11.16100 2340 4.83934
11.17800 2455 4.95682
11.19500 2516 5.01886
11.21200 2623 5.12316
11.22900 2785 5.2778
11.24600 2963 5.44735
11.26300 3253 5.7073
11.28000 3522 5.93391
11.29700 3823 6.17802
11.31400 4185 6.46846
11.33100 4537 6.742
11.34800 5069 7.1247
11.36500 5697 7.53778
11.38200 6285 7.93052
11.39900 6855 8.27606
11.41600 7425 8.60663
11.43300 7920 8.90871
11.45000 7977 8.94427
11.46700 7394 8.60663
11.48400 5982 7.73823
11.50100 4350 6.5938
11.51800 3094 5.56415
11.53500 2378 4.8737
11.55200 1965 4.43242
11.56900 1821 4.2679
11.58600 1755 4.18854
11.60300 1731 4.15945
11.62000 1730 4.15945
11.63700 1780 4.21825
11.65400 1748 4.18121
11.67100 1741 4.17392
11.68800 1756 4.19222
11.70500 1790 4.22955
11.72200 1803 4.24476
11.73900 1859 4.31131
11.75600 1923 4.38529
11.77300 1929 4.39375
11.79000 2006 4.47661
11.80700 2010 4.48111
11.82400 2057 4.53609
11.84100 2098 4.57869
11.85800 2108 4.59315
11.87500 2088 4.56912
11.89200 1967 4.43678
11.90900 1903 4.36436
11.92600 1929 4.39375
11.94300 1930 4.39375
11.96000 2000 4.47214
11.97700 2003 4.47661
11.99400 2087 4.56912
12.01100 2170 4.65746
12.02800 2302 4.80015
12.04500 2455 4.95682
12.06200 2558 5.05722
12.07900 2765 5.25588
12.09600 2958 5.43928
12.11300 3238 5.6888
12.13000 3597 5.9976
12.14700 3932 6.27456
12.16400 4269 6.5372
12.18100 4711 6.86803
12.19800 5178 7.19816
12.21500 5509 7.41249
12.23200 5874 7.66965
12.24900 5968 7.71517
12.26600 5553 7.45356
12.28300 4786 6.91714
12.30000 3831 6.18984
12.31700 2959 5.43928
12.33400 2332 4.82805
12.35100 1919 4.38108
12.36800 1701 4.12393
12.38500 1580 3.97464
12.40200 1518 3.89545
12.41900 1494 3.86622
12.43600 1448 3.80418
12.45300 1455 3.81524
12.47000 1444 3.79869
12.48700 1426 3.77695
12.50400 1416 3.76355
12.52100 1439 3.79322
12.53800 1403 3.74503
12.55500 1390 3.72937
12.57200 1375 3.70879
12.58900 1386 3.72161
12.60600 1363 3.69107
12.62300 1408 3.75293
12.64000 1376 3.70879
12.65700 1366 3.69611
12.67400 1386 3.72161
12.69100 1433 3.78506
12.70800 1368 3.69863
12.72500 1363 3.69107
12.74200 1329 3.64662
12.75900 1356 3.68355
12.77600 1362 3.69107
12.79300 1342 3.66372
12.81000 1335 3.65392
12.82700 1301 3.60609
12.84400 1300 3.60609
12.86100 1310 3.62024
12.87800 1318 3.62977
12.89500 1362 3.69107
12.91200 1287 3.58748
12.92900 1306 3.61315
12.94600 1333 3.65148
12.96300 1309 3.61787
12.98000 1306 3.61315
12.99700 1309 3.61787
13.01400 1293 3.59675
13.03100 1318 3.62977
13.04800 1301 3.60609
13.06500 1293 3.59675
13.08200 1307 3.61551
13.09900 1280 3.57828
13.11600 1284 3.58287
13.13300 1292 3.59443
13.15000 1292 3.59443
13.16700 1289 3.58979
13.18400 1281 3.57828
13.20100 1313 3.62262
13.21800 1325 3.63937
13.23500 1309 3.61787
13.25200 1339 3.65881
13.26900 1338 3.65881
13.28600 1333 3.65148
13.30300 1342 3.66372
13.32000 1325 3.63937
13.33700 1291 3.59211
13.35400 1286 3.58517
13.37100 1308 3.61551
13.38800 1302 3.60844
13.40500 1317 3.62977
13.42200 1311 3.62024
13.43900 1263 3.55335
13.45600 1285 3.58517
13.47300 1305 3.61315
13.49000 1318 3.62977
13.50700 1310 3.62024
13.52400 1311 3.62024
13.54100 1305 3.61315
13.55800 1327 3.64179
13.57500 1368 3.69863
13.59200 1331 3.64905
13.60900 1372 3.7037
13.62600 1432 3.78506
13.64300 1447 3.80418
13.66000 1469 3.83201
13.67700 1495 3.86622
13.69400 1569 3.96214
13.71100 1601 4
13.72800 1679 4.09616
13.74500 1735 4.16667
13.76200 1857 4.3073
13.77900 1972 4.44116
13.79600 2058 4.53609
13.81300 2237 4.72984
13.83000 2425 4.92665
13.84700 2555 5.05722
13.86400 2679 5.1778
13.88100 2815 5.30745
13.89800 2884 5.36828
13.91500 2870 5.36056
13.93200 2701 5.19875
13.94900 2470 4.96904
13.96600 2149 4.63739
13.98300 1821 4.2679
14.00000 1596 3.99362
14.01700 1467 3.8292
14.03400 1383 3.71904
14.05100 1321 3.63456
14.06800 1297 3.60141
14.08500 1266 3.55784
14.10200 1243 3.52454
14.11900 1256 3.54441
14.13600 1279 3.57599
14.15300 1276 3.57143
14.17000 1285 3.58517
14.18700 1292 3.59443
14.20400 1290 3.59211
14.22100 1340 3.66126
14.23800 1363 3.69107
14.25500 1392 3.73197
14.27200 1429 3.77964
14.28900 1464 3.82639
14.30600 1508 3.88368
14.32300 1564 3.95594
14.34000 1598 3.9968
14.35700 1647 4.05887
14.37400 1721 4.1487
14.39100 1746 4.17756
14.40800 1832 4.2796
14.42500 1963 4.43242
14.44200 2031 4.50835
14.45900 2142 4.62745
14.47600 2287 4.78365
14.49300 2550 5.05076
14.51000 2809 5.29999
14.52700 3101 5.57278
14.54400 3379 5.81238
14.56100 3795 6.15457
14.57800 4172 6.45497
14.59500 4820 6.95048
14.61200 5592 7.47435
14.62900 6415 8.00641
14.64600 7680 8.77058
14.66300 9084 9.53463
14.68000 10513 10.2598
14.69700 12400 11.1111
14.71400 14395 12.0386
14.73100 16223 12.7
14.74800 17949 13.3631
14.76500 19824 14.1421
14.78200 21622 14.7442
14.79900 22328 14.9071
14.81600 21578 14.7442
14.83300 18735 13.7361
14.85000 14483 12.0386
14.86700 10310 10.1535
14.88400 7208 8.48189
14.90100 5198 7.21688
14.91800 4204 6.48204
14.93500 3829 6.18984
14.95200 3859 6.2137
14.96900 3923 6.26224
14.98600 4146 6.44157
15.00300 4353 6.5938
15.02000 4445 6.66667
15.03700 4655 6.81994
15.05400 4917 7.01862
15.07100 5360 7.31272
15.08800 6086 7.80869
15.10500 7086 8.42152
15.12200 8322 9.12871
15.13900 9793 9.90148
15.15600 11364 10.66
15.17300 12987 11.3961
15.19000 14755 12.1268
15.20700 16412 12.8037
15.22400 18037 13.484
15.24100 19347 13.8675
15.25800 19706 14.0028
15.27500 18903 13.7361
15.29200 16495 12.8037
15.30900 12596 11.2509
15.32600 8660 9.32505
15.34300 5568 7.45356
15.36000 3506 5.92349
15.37700 2486 4.98755
15.39400 2036 4.51294
15.41100 1813 4.25628
15.42800 1684 4.10305
15.44500 1621 4.02585
15.46200 1569 3.96214
15.47900 1575 3.96838
15.49600 1594 3.99362
15.51300 1584 3.98094
15.53000 1535 3.91931
15.54700 1524 3.90434
15.56400 1515 3.89249
15.58100 1545 3.93141
15.59800 1471 3.83482
15.61500 1472 3.83765
15.63200 1468 3.83201
15.64900 1503 3.87783
15.66600 1414 3.76089
15.68300 1416 3.76355
15.70000 1373 3.70625
15.71700 1397 3.73718
15.73400 1409 3.75293
15.75100 1452 3.8097
15.76800 1455 3.81524
15.78500 1421 3.76889
15.80200 1398 3.73979
15.81900 1420 3.76889
15.83600 1417 3.76355
15.85300 1353 3.67856
15.87000 1373 3.70625
15.88700 1421 3.76889
15.90400 1374 3.70625
15.92100 1390 3.72937
15.93800 1424 3.77426
15.95500 1449 3.80693
15.97200 1445 3.80143
15.98900 1449 3.80693
16.00600 1499 3.87202
16.02300 1533 3.9163
16.04000 1526 3.90732
16.05700 1598 3.9968
16.07400 1659 4.07231
16.09100 1697 4.12043
16.10800 1741 4.17392
16.12500 1835 4.28353
16.14200 1928 4.38951
16.15900 2043 4.52216
16.17600 2193 4.68293
16.19300 2345 4.84502
16.21000 2565 5.0637
16.22700 2766 5.25588
16.24400 3026 5.50482
16.26100 3358 5.79284
16.27800 3637 6.03023
16.29500 3996 6.32456
16.31200 4496 6.71156
16.32900 4970 7.05346
16.34600 5419 7.35215
16.36300 5878 7.66965
16.38000 6303 7.93052
16.39700 6905 8.30455
16.41400 7569 8.70388
16.43100 8550 9.245
16.44800 9890 9.95037
16.46500 11458 10.7211
16.48200 12972 11.3961
16.49900 14797 12.1268
16.51600 16647 12.9099
16.53300 18544 13.6083
16.55000 20116 14.1421
16.56700 21019 14.4338
16.58400 21216 14.5865
16.60100 19561 14.0028
16.61800 16317 12.8037
16.63500 12399 11.1111
16.65200 8623 9.28477
16.66900 5627 7.49532
16.68600 3691 6.07457
16.70300 2639 5.13665
16.72000 2085 4.56435
16.73700 1858 4.31131
16.75400 1707 4.13096
16.77100 1632 4.03896
16.78800 1465 3.82639
16.80500 1484 3.85186
16.82200 1421 3.76889
16.83900 1389 3.72678
16.85600 1395 3.73457
16.87300 1346 3.66864
16.89000 1371 3.7037
16.90700 1360 3.68856
16.92400 1379 3.71391
16.94100 1364 3.69358
16.95800 1276 3.57143
16.97500 1273 3.56688
16.99200 1280 3.57828
17.00900 1280 3.57828
17.02600 1269 3.56235
17.04300 1288 3.58979
17.06000 1272 3.56688
17.07700 1267 3.56009
17.09400 1260 3.54887
17.11100 1235 3.51364
17.12800 1246 3.52892
17.14500 1263 3.55335
17.16200 1259 3.54887
17.17900 1266 3.55784
17.19600 1266 3.55784
17.21300 1235 3.51364
17.23000 1254 3.54218
17.24700 1283 3.58287
17.26400 1273 3.56688
17.28100 1276 3.57143
17.29800 1300 3.60609
17.31500 1330 3.64662
17.33200 1324 3.63937
17.34900 1338 3.65881
17.36600 1368 3.69863
17.38300 1443 3.79869
17.40000 1457 3.81802
17.41700 1480 3.84615
17.43400 1543 3.92837
17.45100 1659 4.07231
17.46800 1776 4.2145
17.48500 1844 4.29537
17.50200 1923 4.38529
17.51900 2029 4.50377
17.53600 2129 4.61266
17.55300 2216 4.70882
17.57000 2256 4.75114
17.58700 2268 4.7619
17.60400 2160 4.64739
17.62100 2058 4.53609
17.63800 1917 4.37688
17.65500 1756 4.19222
17.67200 1739 4.17029
17.68900 1666 4.08248
17.70600 1673 4.0893
17.72300 1760 4.19591
17.74000 1881 4.33555
17.75700 1954 4.41942
17.77400 1905 4.36436
17.79100 1957 4.42374
17.80800 1851 4.30331
17.82500 1886 4.34372
17.84200 1869 4.32338
17.85900 1878 4.33555
17.87600 1922 4.38529
17.89300 1985 4.45435
17.91000 1989 4.45878
17.92700 2152 4.63739
17.94400 2374 4.8737
17.96100 2614 5.10976
17.97800 2872 5.36056
17.99500 3214 5.67048
18.01200 3662 6.05228
18.02900 4194 6.48204
18.04600 4756 6.90066
18.06300 5330 7.29325
18.08000 6033 7.76151
18.09700 6641 8.13788
18.11400 7171 8.48189
18.13100 7626 8.73704
18.14800 7864 8.87357
18.16500 7792 8.83883
18.18200 7553 8.70388
18.19900 6997 8.36242
18.21600 6167 7.85674
18.23300 5278 7.27393
18.25000 4360 6.60819
18.26700 3548 5.95491
18.28400 2830 5.32246
18.30100 2303 4.80015
18.31800 2021 4.49467
18.33500 1804 4.24859
18.35200 1677 4.09616
18.36900 1633 4.04226
18.38600 1595 3.99362
18.40300 1543 3.92837
18.42000 1538 3.92232
18.43700 1482 3.849
18.45400 1447 3.80418
18.47100 1446 3.80143
18.48800 1423 3.77157
18.50500 1357 3.68355
18.52200 1315 3.62738
18.53900 1337 3.65636
18.55600 1299 3.60375
18.57300 1261 3.5511
18.59000 1232 3.50931
18.60700 1304 3.61079
18.62400 1250 3.53553
18.64100 1270 3.56462
18.65800 1255 3.54218
18.67500 1280 3.57828
18.69200 1268 3.56009
18.70900 1306 3.61315
18.72600 1293 3.59675
18.74300 1349 3.67359
18.76000 1243 3.52454
18.77700 1241 3.52235
18.79400 1274 3.56915
18.81100 1261 3.5511
18.82800 1296 3.59908
18.84500 1302 3.60844
18.86200 1278 3.57599
18.87900 1339 3.65881
18.89600 1302 3.60844
18.91300 1315 3.62738
18.93000 1345 3.66864
18.94700 1398 3.73979
18.96400 1444 3.79869
18.98100 1515 3.89249
18.99800 1558 3.94669
19.01500 1585 3.98094
19.03200 1642 4.0522
19.04900 1754 4.18854
19.06600 1880 4.33555
19.08300 1989 4.45878
19.10000 2182 4.67269
19.11700 2343 4.83934
19.13400 2549 5.05076
19.15100 2794 5.28516
19.16800 2981 5.46358
19.18500 3207 5.66139
19.20200 3462 5.88235
19.21900 3579 5.98684
19.23600 3588 5.98684
19.25300 3705 6.08581
19.27000 3748 6.1199
19.28700 3678 6.06339
19.30400 3620 6.01929
19.32100 3562 5.9655
19.33800 3583 5.98684
19.35500 3676 6.06339
19.37200 3898 6.23783
19.38900 4247 6.52328
19.40600 4594 6.77285
19.42300 5146 7.17958
19.44000 5739 7.58098
19.45700 6309 7.93052
19.47400 6917 8.30455
19.49100 7479 8.63868
19.50800 7991 8.94427
19.52500 8408 9.16698
19.54200 8542 9.245
19.55900 8518 9.245
19.57600 8072 8.98027
19.59300 7456 8.63868
19.61000 6547 8.08452
19.62700 5602 7.47435
19.64400 4776 6.91714
19.66100 3976 6.29941
19.67800 3281 5.72598
19.69500 2940 5.42326
19.71200 2677 5.17088
19.72900 2601 5.1031
19.74600 2520 5.01886
19.76300 2517 5.01886
19.78000 2616 5.11645
19.79700 2693 5.19174
19.81400 2765 5.25588
19.83100 2897 5.38382
19.84800 3174 5.63436
19.86500 3413 5.84206
19.88200 3809 6.16626
19.89900 4271 6.5372
19.91600 4901 7.0014
19.93300 5660 7.51646
19.95000 6492 8.05823
19.96700 7220 8.48189
19.98400 7945 8.90871
20.00100 8690 9.32505
20.01800 9352 9.66736
20.03500 9733 9.85329
20.05200 9775 9.90148
20.06900 9366 9.66736
20.08600 8454 9.20575
20.10300 7114 8.42152
20.12000 5661 7.51646
20.13700 4450 6.66667
20.15400 3429 5.85206
20.17100 2745 5.24142
20.18800 2396 4.89702
20.20500 2238 4.72984
20.22200 2172 4.66252
20.23900 2164 4.65242
20.25600 2176 4.66252
20.27300 2218 4.70882
20.29000 2319 4.81683
20.30700 2462 4.96292
20.32400 2597 5.09647
20.34100 2732 5.22708
20.35800 2939 5.42326
20.37500 3162 5.62544
20.39200 3434 5.8621
20.40900 3658 6.05228
20.42600 3843 6.20174
20.44300 4187 6.46846
20.46000 4330 6.57952
20.47700 4472 6.68153
20.49400 4421 6.6519
20.51100 4224 6.4957
20.52800 4029 6.35001
20.54500 3814 6.17802
20.56200 3612 6.00842
20.57900 3428 5.85206
20.59600 3329 5.7735
20.61300 3328 5.7735
20.63000 3254 5.7073
20.64700 3262 5.7073
20.66400 3302 5.74485
20.68100 3268 5.71662
20.69800 3294 5.73539
20.71500 3207 5.66139
20.73200 3068 5.53849
20.74900 3038 5.51318
20.76600 2771 5.26316
20.78300 2508 5.00626
20.80000 2213 4.7036
20.81700 1984 4.45435
20.83400 1774 4.21076
20.85100 1642 4.0522
20.86800 1533 3.9163
20.88500 1498 3.86912
20.90200 1450 3.80693
20.91900 1440 3.79595
20.93600 1434 3.78777
20.95300 1407 3.75029
20.97000 1406 3.75029
20.98700 1411 3.75558
21.00400 1432 3.78506
21.02100 1424 3.77426
21.03800 1434 3.78777
21.05500 1472 3.83765
21.07200 1522 3.90137
21.08900 1531 3.9133
21.10600 1566 3.95594
21.12300 1601 4
21.14000 1623 4.02911
21.15700 1628 4.03567
21.17400 1588 3.9841
21.19100 1637 4.04557
21.20800 1685 4.10651
21.22500 1704 4.12744
21.24200 1798 4.24094
21.25900 1876 4.33148
21.27600 1942 4.40653
21.29300 2087 4.56912
21.31000 2301 4.79463
21.32700 2481 4.98135
21.34400 2729 5.22708
21.36100 2949 5.43125
21.37800 3265 5.71662
21.39500 3520 5.93391
21.41200 3800 6.16626
21.42900 4167 6.45497
21.44600 4414 6.63723
21.46300 4517 6.72673
21.48000 4633 6.80414
21.49700 4625 6.80414
21.51400 4459 6.68153
21.53100 4442 6.66667
21.54800 4183 6.46846
21.56500 4208 6.48204
21.58200 3917 6.26224
21.59900 3746 6.1199
21.61600 3401 5.83212
21.63300 3100 5.56415
21.65000 2760 5.25588
21.66700 2451 4.95074
21.68400 2126 4.61266
21.70100 1990 4.45878
21.71800 1831 4.2796
21.73500 1741 4.17392
21.75200 1672 4.0893
21.76900 1671 4.0893
21.78600 1623 4.02911
21.80300 1645 4.05554
21.82000 1628 4.03567
21.83700 1662 4.0757
21.85400 1649 4.06222
21.87100 1678 4.09616
21.88800 1671 4.0893
21.90500 1671 4.0893
21.92200 1661 4.0757
21.93900 1689 4.10997
21.95600 1690 4.10997
21.97300 1727 4.15586
21.99000 1753 4.18854
22.00700 1751 4.18487
22.02400 1759 4.19222
22.04100 1834 4.28353
22.05800 1964 4.43242
22.07500 2015 4.49013
22.09200 2080 4.55961
22.10900 2227 4.71929
22.12600 2367 4.86792
22.14300 2562 5.0637
22.16000 2934 5.4153
22.17700 3358 5.79284
22.19400 3780 6.14295
22.21100 4250 6.52328
22.22800 4913 7.0014
22.24500 5597 7.47435
22.26200 6280 7.93052
22.27900 7010 8.36242
22.29600 7652 8.73704
22.31300 8293 9.09091
22.33000 8955 9.44911
22.34700 9457 9.71286
22.36400 9889 9.95037
22.38100 10712 10.3695
22.39800 11937 10.9109
22.41500 13732 11.7041
22.43200 16176 12.7
22.44900 19364 13.8675
22.46600 22846 15.0756
22.48300 26652 16.2221
22.50000 30229 17.4078
22.51700 33910 18.5695
22.53400 37172 19.245
22.55100 39507 20
22.56800 40373 20
22.58500 38495 19.6116
22.60200 34610 18.5695
22.61900 29341 17.1499
22.63600 24334 15.6174
22.65300 19370 13.8675
22.67000 15495 12.4035
22.68700 11548 10.7211
22.70400 8383 9.16698
22.72100 6322 7.95557
22.73800 4837 6.95048
22.75500 3857 6.2137
22.77200 3192 5.65233
22.78900 2507 5.00626
22.80600 2212 4.7036
22.82300 2086 4.56912
22.84000 2027 4.50377
22.85700 1940 4.40653
22.87400 1890 4.34783
22.89100 1959 4.42807
22.90800 1992 4.46322
22.92500 2035 4.51294
22.94200 2128 4.61266
22.95900 2220 4.71405
22.97600 2335 4.83368
22.99300 2470 4.96904
23.01000 2674 5.17088
23.02700 2920 5.40738
23.04400 3265 5.71662
23.06100 3756 6.13139
23.07800 4311 6.56532
23.09500 4985 7.05346
23.11200 5795 7.60286
23.12900 6648 8.16497
23.14600 7400 8.60663
23.16300 8093 8.98027
23.18000 8922 9.44911
23.19700 9472 9.71286
23.21400 9782 9.90148
23.23100 9734 9.85329
23.24800 9155 9.57826
23.26500 8268 9.09091
23.28200 7195 8.48189
23.29900 6040 7.76151
23.31600 5072 7.1247
23.33300 4224 6.4957
23.35000 3478 5.89256
23.36700 3034 5.50482
23.38400 2818 5.30745
23.40100 2659 5.15711
23.41800 2634 5.12989
23.43500 2613 5.10976
23.45200 2634 5.12989
23.46900 2661 5.15711
23.48600 2646 5.14344
23.50300 2589 5.08987
23.52000 2528 5.02519
23.53700 2392 4.89116
23.55400 2196 4.68807
23.57100 2171 4.65746
23.58800 2142 4.62745
23.60500 2043 4.52216
23.62200 2221 4.71405
23.63900 2249 4.74045
23.65600 2476 4.97519
23.67300 2701 5.19875
23.69000 2975 5.45545
23.70700 3331 5.7735
23.72400 3611 6.00842
23.74100 3990 6.31194
23.75800 4352 6.5938
23.77500 4573 6.75737
23.79200 4792 6.91714
23.80900 4963 7.05346
23.82600 4902 7.0014
23.84300 4722 6.86803
23.86000 4490 6.6965
23.87700 4050 6.36285
23.89400 3572 5.97614
23.91100 3120 5.58146
23.92800 2898 5.38382
23.94500 2547 5.04433
23.96200 2297 4.79463
23.97900 2186 4.6778
23.99600 2145 4.63241
24.01300 2136 4.6225
24.03000 2235 4.72984
24.04700 2403 4.9029
24.06400 2582 5.08329
24.08100 2821 5.31494
24.09800 3080 5.547
24.11500 3333 5.7735
24.13200 3650 6.04122
24.14900 3920 6.26224
24.16600 4134 6.42824
24.18300 4305 6.56532
24.20000 4337 6.57952
24.21700 4273 6.5372
24.23400 4173 6.45497
24.25100 3953 6.28695
24.26800 3734 6.10847
24.28500 3512 5.92349
24.30200 3243 5.69803
24.31900 3032 5.50482
24.33600 2861 5.34522
24.35300 2701 5.19875
24.37000 2580 5.07673
24.38700 2439 4.93865
24.40400 2330 4.82805
24.42100 2291 4.78913
24.43800 2224 4.71405
24.45500 2088 4.56912
24.47200 1988 4.45878
24.48900 1989 4.45878
24.50600 1925 4.38951
24.52300 1896 4.35607
24.54000 1891 4.34783
24.55700 1857 4.3073
24.57400 1804 4.24859
24.59100 1834 4.28353
24.60800 1808 4.25243
24.62500 1772 4.21076
24.64200 1698 4.12043
24.65900 1690 4.10997
24.67600 1703 4.12744
24.69300 1689 4.10997
24.71000 1616 4.01934
24.72700 1637 4.04557
24.74400 1639 4.04888
24.76100 1680 4.0996
24.77800 1740 4.17029
24.79500 1758 4.19222
24.81200 1818 4.26401
24.82900 1958 4.42374
24.84600 2005 4.47661
24.86300 2157 4.64238
24.88000 2394 4.89116
24.89700 2657 5.15711
24.91400 2920 5.40738
24.93100 3244 5.69803
24.94800 3597 5.9976
24.96500 4022 6.33724
24.98200 4375 6.60819
24.99900 4690 6.85189
25.01600 4929 7.01862
25.03300 5044 7.10669
25.05000 5011 7.07107
25.06700 4943 7.03598
25.08400 4686 6.85189
25.10100 4374 6.60819
25.11800 4089 6.38877
25.13500 3719 6.09711
25.15200 3408 5.84206
25.16900 3186 5.64333
25.18600 3022 5.4965
25.20300 2919 5.39949
25.22000 2831 5.32246
25.23700 2772 5.26316
25.25400 2732 5.22708
25.27100 2687 5.18476
25.28800 2619 5.11645
25.30500 2514 5.01255
25.32200 2421 4.92068
25.33900 2353 4.85071
25.35600 2315 4.81125
25.37300 2326 4.82243
25.39000 2326 4.82243
25.40700 2366 4.86217
25.42400 2349 4.84502
25.44100 2349 4.84502
25.45800 2467 4.96904
25.47500 2550 5.05076
25.49200 2624 5.12316
25.50900 2562 5.0637
25.52600 2556 5.05722
25.54300 2554 5.05076
25.56000 2713 5.20579
25.57700 2830 5.32246
25.59400 2978 5.45545
25.61100 3048 5.52158
25.62800 3318 5.7639
25.64500 3499 5.91312
25.66200 3599 5.9976
25.67900 3681 6.06339
25.69600 3752 6.1199
25.71300 3755 6.13139
25.73000 3561 5.9655
25.74700 3329 5.7735
25.76400 3131 5.59893
25.78100 2941 5.42326
25.79800 2805 5.29256
25.81500 2687 5.18476
25.83200 2529 5.03155
25.84900 2478 4.97519
25.86600 2375 4.8737
25.88300 2330 4.82805
25.90000 2262 4.75651
25.91700 2136 4.6225
25.93400 2053 4.53143
25.95100 1924 4.38529
25.96800 1783 4.222
25.98500 1702 4.12393
26.00200 1637 4.04557
26.01900 1579 3.97464
26.03600 1547 3.93445
26.05300 1493 3.86334
26.07000 1472 3.83765
26.08700 1474 3.84048
26.10400 1489 3.85758
26.12100 1530 3.91031
26.13800 1528 3.91031
26.15500 1564 3.95594
26.17200 1627 4.03239
26.18900 1727 4.15586
26.20600 1810 4.25628
26.22300 1847 4.29934
26.24000 1950 4.41511
26.25700 2121 4.60776
26.27400 2209 4.69841
26.29100 2263 4.75651
26.30800 2351 4.85071
26.32500 2346 4.84502
26.34200 2312 4.80569
26.35900 2318 4.81683
26.37600 2368 4.86792
26.39300 2384 4.88532
26.41000 2338 4.83368
26.42700 2342 4.83934
26.44400 2344 4.83934
26.46100 2351 4.85071
26.47800 2356 4.85643
26.49500 2387 4.88532
26.51200 2366 4.86217
26.52900 2262 4.75651
26.54600 2085 4.56435
26.56300 1984 4.45435
26.58000 1859 4.31131
26.59700 1824 4.27179
26.61400 1699 4.12043
26.63100 1564 3.95594
26.64800 1514 3.88955
26.66500 1502 3.87492
26.68200 1508 3.88368
26.69900 1491 3.86046
26.71600 1507 3.88075
26.73300 1504 3.87783
26.75000 1519 3.89841
26.76700 1553 3.94055
26.78400 1612 4.0161
26.80100 1677 4.09616
26.81800 1742 4.17392
26.83500 1765 4.19961
26.85200 1780 4.21825
26.86900 1852 4.30331
26.88600 1930 4.39375
26.90300 2004 4.47661
26.92000 2076 4.55488
26.93700 2125 4.60776
26.95400 2202 4.69323
26.97100 2353 4.85071
26.98800 2477 4.97519
27.00500 2664 5.16398
27.02200 2809 5.29999
27.03900 2969 5.44735
27.05600 3259 5.7073
27.07300 3621 6.01929
27.09000 3940 6.27456
27.10700 4250 6.52328
27.12400 4630 6.80414
27.14100 5034 7.08881
27.15800 5359 7.31272
27.17500 5526 7.43294
27.19200 5506 7.41249
27.20900 5381 7.33236
27.22600 5212 7.21688
27.24300 4684 6.85189
27.26000 4132 6.42824
27.27700 3558 5.9655
27.29400 3071 5.53849
27.31100 2600 5.09647
27.32800 2197 4.68807
27.34500 1951 4.41511
27.36200 1732 4.16305
27.37900 1549 3.93445
27.39600 1493 3.86334
27.41300 1429 3.77964
27.43000 1387 3.72419
27.44700 1369 3.70117
27.46400 1335 3.65392
27.48100 1340 3.66126
27.49800 1361 3.68856
27.51500 1326 3.64179
27.53200 1337 3.65636
27.54900 1357 3.68355
27.56600 1320 3.63216
27.58300 1345 3.66864
27.60000 1405 3.74766
27.61700 1465 3.82639
27.63400 1485 3.85472
27.65100 1607 4.00963
27.66800 1753 4.18854
27.68500 1887 4.34372
27.70200 2093 4.57389
27.71900 2278 4.77274
27.73600 2574 5.0702
27.75300 2912 5.39949
27.77000 3260 5.7073
27.78700 3572 5.97614
27.80400 3955 6.28695
27.82100 4284 6.55122
27.83800 4482 6.6965
27.85500 4566 6.75737
27.87200 4521 6.72673
27.88900 4297 6.55122
27.90600 4057 6.37577
27.92300 3753 6.13139
27.94000 3439 5.8621
27.95700 3140 5.60772
27.97400 2826 5.31494
27.99100 2590 5.08987
28.00800 2296 4.78913
28.02500 2022 4.49467
28.04200 1839 4.28746
28.05900 1684 4.10305
28.07600 1564 3.95594
28.09300 1509 3.88368
28.11000 1437 3.79049
28.12700 1357 3.68355
28.14400 1403 3.74503
28.16100 1358 3.68605
28.17800 1274 3.56915
28.19500 1290 3.59211
28.21200 1330 3.64662
28.22900 1283 3.58287
28.24600 1273 3.56688
28.26300 1295 3.59908
28.28000 1296 3.59908
28.29700 1318 3.62977
28.31400 1333 3.65148
28.33100 1334 3.65148
28.34800 1306 3.61315
28.36500 1289 3.58979
28.38200 1315 3.62738
28.39900 1336 3.65392
28.41600 1367 3.69611
28.43300 1403 3.74503
28.45000 1339 3.65881
28.46700 1407 3.75029
28.48400 1465 3.82639
28.50100 1484 3.85186
28.51800 1580 3.97464
28.53500 1667 4.08248
28.55200 1780 4.21825
28.56900 1882 4.33963
28.58600 2086 4.56912
28.60300 2405 4.9029
28.62000 2624 5.12316
28.63700 2986 5.46358
28.65400 3461 5.88235
28.67100 4155 6.44157
28.68800 4814 6.93375
28.70500 5551 7.45356
28.72200 6422 8.00641
28.73900 7199 8.48189
28.75600 8137 9.0167
28.77300 9147 9.57826
28.79000 10114 10.0504
28.80700 10936 10.4828
28.82400 11532 10.7211
28.84100 11822 10.8465
28.85800 11988 10.9764
28.87500 11778 10.8465
28.89200 11354 10.66
28.90900 10857 10.4257
28.92600 10015 10
28.94300 9065 9.53463
28.96000 7948 8.90871
28.97700 6838 8.27606
28.99400 5677 7.53778
29.01100 4692 6.85189
29.02800 3976 6.29941
29.04500 3415 5.84206
29.06200 2945 5.42326
29.07900 2666 5.16398
29.09600 2530 5.03155
29.11300 2510 5.01255
29.13000 2567 5.0637
29.14700 2648 5.14344
29.16400 2892 5.37603
29.18100 3080 5.547
29.19800 3400 5.83212
29.21500 3665 6.05228
29.23200 3936 6.27456
29.24900 4270 6.5372
29.26600 4659 6.81994
29.28300 4960 7.03598
29.30000 5165 7.17958
29.31700 5282 7.27393
29.33400 5275 7.25476
29.35100 5266 7.25476
29.36800 4980 7.05346
29.38500 4756 6.90066
29.40200 4296 6.55122
29.41900 3796 6.16626
29.43600 3321 5.7639
29.45300 2898 5.38382
29.47000 2604 5.1031
29.48700 2262 4.75651
29.50400 1981 4.44994
29.52100 1788 4.22955
29.53800 1701 4.12393
29.55500 1583 3.97779
29.57200 1482 3.849
29.58900 1466 3.8292
29.60600 1509 3.88368
29.62300 1387 3.72419
29.64000 1347 3.67112
29.65700 1297 3.60141
29.67400 1358 3.68605
29.69100 1334 3.65148
29.70800 1334 3.65148
29.72500 1271 3.56462
29.74200 1273 3.56688
29.75900 1240 3.52235
29.77600 1192 3.45238
29.79300 1178 3.43199
29.81000 1204 3.46896
29.82700 1243 3.52454
29.84400 1248 3.53333
29.86100 1207 3.47314
29.87800 1161 3.40799
29.89500 1177 3.42997
29.91200 1204 3.46896
29.92900 1209 3.47734
29.94600 1239 3.52017
29.96300 1265 3.55559
29.98000 1290 3.59211
29.99700 1308 3.61551
30.01400 1366 3.69611
30.03100 1401 3.74241
30.04800 1418 3.76622
30.06500 1513 3.88955
30.08200 1651 4.06222
30.09900 1797 4.24094
30.11600 1951 4.41511
30.13300 2121 4.60776
30.15000 2322 4.81683
30.16700 2487 4.98755
30.18400 2670 5.16398
30.20100 2805 5.29256
30.21800 2943 5.42326
30.23500 2965 5.44735
30.25200 2967 5.44735
30.26900 2958 5.43928
30.28600 2811 5.29999
30.30300 2650 5.15026
30.32000 2546 5.04433
30.33700 2440 4.93865
30.35400 2471 4.96904
30.37100 2561 5.0637
30.38800 2647 5.14344
30.40500 2814 5.30745
30.42200 2987 5.46358
30.43900 3190 5.65233
30.45600 3408 5.84206
30.47300 3602 5.9976
30.49000 3661 6.05228
30.50700 3627 6.01929
30.52400 3562 5.9655
30.54100 3225 5.67962
30.55800 2950 5.43125
30.57500 2700 5.19875
30.59200 2525 5.02519
30.60900 2337 4.83368
30.62600 2149 4.63739
30.64300 2079 4.55961
30.66000 2056 4.53609
30.67700 2143 4.62745
30.69400 2292 4.78913
30.71100 2483 4.98135
30.72800 2661 5.15711
30.74500 2874 5.36056
30.76200 3027 5.50482
30.77900 3148 5.60772
30.79600 3328 5.7735
30.81300 3352 5.79284
30.83000 3297 5.74485
30.84700 3171 5.63436
30.86400 3015 5.48821
30.88100 2847 5.33761
30.89800 2669 5.16398
30.91500 2583 5.08329
30.93200 2566 5.0637
30.94900 2550 5.05076
30.96600 2528 5.02519
30.98300 2497 5
31.00000 2493 4.99376
31.01700 2522 5.01886
31.03400 2459 4.95682
31.05100 2317 4.81125
31.06800 2205 4.69323
31.08500 2076 4.55488
31.10200 1931 4.39375
31.11900 1768 4.20331
31.13600 1630 4.03896
31.15300 1526 3.90732
31.17000 1421 3.76889
31.18700 1360 3.68856
31.20400 1299 3.60375
31.22100 1286 3.58517
31.23800 1237 3.51799
31.25500 1170 3.41993
31.27200 1156 3.4001
31.28900 1164 3.41196
31.30600 1130 3.36146
31.32300 1132 3.36527
31.34000 1118 3.3445
31.35700 1134 3.36718
31.37400 1148 3.38837
31.39100 1116 3.34077
31.40800 1111 3.33333
31.42500 1131 3.36336
31.44200 1149 3.39032
31.45900 1081 3.28798
31.47600 1152 3.39422
31.49300 1154 3.39618
31.51000 1127 3.35767
31.52700 1170 3.41993
31.54400 1174 3.42594
31.56100 1182 3.43807
31.57800 1203 3.46896
31.59500 1230 3.50715
31.61200 1261 3.5511
31.62900 1289 3.58979
31.64600 1348 3.67112
31.66300 1340 3.66126
31.68000 1353 3.67856
31.69700 1371 3.7037
31.71400 1430 3.78235
31.73100 1462 3.8236
31.74800 1469 3.83201
31.76500 1523 3.90137
31.78200 1581 3.97464
31.79900 1651 4.06222
31.81600 1726 4.15586
31.83300 1789 4.22955
31.85000 1815 4.26014
31.86700 1869 4.32338
31.88400 1961 4.42807
31.90100 2017 4.49013
31.91800 2054 4.53143
31.93500 2073 4.55488
31.95200 2143 4.62745
31.96900 2218 4.70882
31.98600 2224 4.71405
32.00300 2259 4.75114
32.02000 2234 4.72456
32.03700 2172 4.66252
32.05400 2190 4.6778
32.07100 2141 4.62745
32.08800 2037 4.51294
32.10500 1929 4.39375
32.12200 1826 4.27179
32.13900 1698 4.12043
32.15600 1612 4.0161
32.17300 1554 3.94055
32.19000 1480 3.84615
32.20700 1371 3.7037
32.22400 1381 3.71647
32.24100 1310 3.62024
32.25800 1345 3.66864
32.27500 1320 3.63216
32.29200 1395 3.73457
32.30900 1426 3.77695
32.32600 1482 3.849
32.34300 1594 3.99362
32.36000 1710 4.13449
32.37700 1790 4.22955
32.39400 1873 4.32742
32.41100 2036 4.51294
32.42800 2175 4.66252
32.44500 2285 4.77818
32.46200 2272 4.76731
32.47900 2309 4.80569
32.49600 2297 4.79463
32.51300 2282 4.77818
32.53000 2220 4.71405
32.54700 2094 4.57389
32.56400 1986 4.45435
32.58100 1827 4.27569
32.59800 1634 4.04226
32.61500 1489 3.85758
32.63200 1428 3.77964
32.64900 1398 3.73979
32.66600 1316 3.62738
32.68300 1261 3.5511
32.70000 1241 3.52235
32.71700 1194 3.45444
32.73400 1156 3.4001
32.75100 1168 3.41793
32.76800 1187 3.44623
32.78500 1156 3.4001
32.80200 1168 3.41793
32.81900 1217 3.4879
32.83600 1244 3.52673
32.85300 1326 3.64179
32.87000 1393 3.73197
32.88700 1509 3.88368
32.90400 1676 4.09273
32.92100 1824 4.27179
32.93800 1984 4.45435
32.95500 2124 4.60776
32.97200 2284 4.77818
32.98900 2457 4.95682
33.00600 2635 5.12989
33.02300 2808 5.29999
33.04000 2901 5.38382
33.05700 2876 5.36056
33.07400 2754 5.24864
33.09100 2611 5.10976
33.10800 2447 4.94468
33.12500 2359 4.85643
33.14200 2259 4.75114
33.15900 2123 4.60776
33.17600 1990 4.45878
33.19300 1861 4.31532
33.21000 1848 4.29934
33.22700 1885 4.33963
33.24400 2002 4.47214
33.26100 2184 4.67269
33.27800 2311 4.80569
33.29500 2395 4.89116
33.31200 2634 5.12989
33.32900 2744 5.24142
33.34600 2962 5.43928
33.36300 3056 5.53001
33.38000 3146 5.60772
33.39700 3099 5.56415
33.41400 3069 5.53849
33.43100 3150 5.61656
33.44800 3138 5.59893
33.46500 3129 5.59017
33.48200 3136 5.59893
33.49900 3132 5.59893
33.51600 3166 5.62544
33.53300 3227 5.67962
33.55000 3101 5.57278
33.56700 3061 5.53001
33.58400 2861 5.34522
33.60100 2668 5.16398
33.61800 2385 4.88532
33.63500 2147 4.63241
33.65200 1954 4.41942
33.66900 1769 4.20703
33.68600 1561 3.94976
33.70300 1400 3.74241
33.72000 1273 3.56688
33.73700 1167 3.41593
33.75400 1103 3.32045
33.77100 1069 3.27035
33.78800 1066 3.26512
33.80500 1057 3.25128
33.82200 1043 3.22917
33.83900 1026 3.20256
33.85600 1036 3.21911
33.87300 1027 3.20421
33.89000 1007 3.1734
33.90700 1016 3.18788
33.92400 1023 3.19765
33.94100 1031 3.21081
33.95800 1026 3.20256
33.97500 1030 3.20915
33.99200 1035 3.21745
34.00900 1033 3.21412
34.02600 1029 3.2075
34.04300 1031 3.21081
34.06000 1028 3.20585
34.07700 1028 3.20585
34.09400 1020 3.19438
34.11100 1033 3.21412
34.12800 1007 3.1734
34.14500 971 3.11588
34.16200 963 3.10385
34.17900 959 3.09641
34.19600 979 3.12959
34.21300 1012 3.18142
34.23000 1011 3.17982
34.24700 1017 3.1895
34.26400 969 3.11286
34.28100 1002 3.16544
34.29800 1018 3.19113
34.31500 1062 3.25818
34.33200 1077 3.28089
34.34900 1049 3.23932
34.36600 1125 3.35389
34.38300 1154 3.39618
34.40000 1209 3.47734
34.41700 1182 3.43807
34.43400 1221 3.49428
34.45100 1216 3.4879
34.46800 1229 3.505
34.48500 1199 3.46272
34.50200 1168 3.41793
34.51900 1127 3.35767
34.53600 1160 3.40601
34.55300 1079 3.28443
34.57000 1075 3.27913
34.58700 1048 3.23762
34.60400 1052 3.24272
34.62100 1007 3.1734
34.63800 1015 3.18626
34.65500 1015 3.18626
34.67200 1006 3.17181
34.68900 1004 3.16862
34.70600 996 3.15597
34.72300 993 3.15127
34.74000 993 3.15127
34.75700 1008 3.175
34.77400 1005 3.17021
34.79100 1031 3.21081
34.80800 978 3.12806
34.82500 967 3.10985
34.84200 981 3.13266
34.85900 1011 3.17982
34.87600 1032 3.21246
34.89300 1022 3.19765
34.91000 1017 3.1895
34.92700 1057 3.25128
34.94400 1061 3.25645
34.96100 1046 3.23423
34.97800 1048 3.23762
34.99500 1048 3.23762
35.01200 1033 3.21412
35.02900 1012 3.18142
35.04600 1023 3.19765
35.06300 1039 3.22413
35.08000 1090 3.30229
35.09700 1101 3.31862
35.11400 1133 3.36527
35.13100 1192 3.45238
35.14800 1229 3.505
35.16500 1241 3.52235
35.18200 1347 3.67112
35.19900 1352 3.67607
35.21600 1385 3.72161
35.23300 1509 3.88368
35.25000 1530 3.91031
35.26700 1536 3.91931
35.28400 1624 4.02911
35.30100 1645 4.05554
35.31800 1678 4.09616
35.33500 1684 4.10305
35.35200 1722 4.1487
35.36900 1758 4.19222
35.38600 1817 4.26401
35.40300 1949 4.41511
35.42000 1962 4.42807
35.43700 2165 4.65242
35.45400 2310 4.80569
35.47100 2523 5.02519
35.48800 2669 5.16398
35.50500 2753 5.24864
35.52200 2934 5.4153
35.53900 3093 5.56415
35.55600 3115 5.58146
35.57300 3272 5.71662
35.59000 3191 5.65233
35.60700 3069 5.53849
35.62400 2824 5.31494
35.64100 2672 5.17088
35.65800 2498 5
35.67500 2261 4.75651
35.69200 2121 4.60776
35.70900 2002 4.47214
35.72600 1814 4.26014
35.74300 1702 4.12393
35.76000 1650 4.06222
35.77700 1555 3.94362
35.79400 1466 3.8292
35.81100 1447 3.80418
35.82800 1422 3.77157
35.84500 1408 3.75293
35.86200 1380 3.71391
35.87900 1339 3.65881
35.89600 1300 3.60609
35.91300 1304 3.61079
35.93000 1283 3.58287
35.94700 1215 3.48578
35.96400 1172 3.42393
35.98100 1133 3.36527
35.99800 1118 3.3445
36.01500 1090 3.30229
36.03200 1106 3.32595
36.04900 1134 3.36718
36.06600 1143 3.38062
36.08300 1121 3.34825
36.10000 1128 3.35767
36.11700 1118 3.3445
36.13400 1144 3.38255
36.15100 1122 3.35013
36.16800 1107 3.32779
36.18500 1099 3.31497
36.20200 1065 3.26338
36.21900 1063 3.25991
36.23600 1041 3.22581
36.25300 1061 3.25645
36.27000 1025 3.20092
36.28700 1007 3.1734
36.30400 1017 3.1895
36.32100 997 3.15754
36.33800 1041 3.22581
36.35500 1013 3.18304
36.37200 1054 3.24614
36.38900 1049 3.23932
36.40600 1099 3.31497
36.42300 1136 3.371
36.44000 1149 3.39032
36.45700 1171 3.42193
36.47400 1178 3.43199
36.49100 1181 3.43604
36.50800 1214 3.48367
36.52500 1216 3.4879
36.54200 1255 3.54218
36.55900 1220 3.49215
36.57600 1261 3.5511
36.59300 1283 3.58287
36.61000 1245 3.52892
36.62700 1279 3.57599
36.64400 1288 3.58979
36.66100 1335 3.65392
36.67800 1346 3.66864
36.69500 1338 3.65881
36.71200 1367 3.69611
36.72900 1378 3.71135
36.74600 1385 3.72161
36.76300 1349 3.67359
36.78000 1303 3.61079
36.79700 1256 3.54441
36.81400 1232 3.50931
36.83100 1204 3.46896
36.84800 1166 3.41394
36.86500 1125 3.35389
36.88200 1105 3.32411
36.89900 1073 3.27561
36.91600 1048 3.23762
36.93300 1035 3.21745
36.95000 1031 3.21081
36.96700 1012 3.18142
36.98400 992 3.1497
37.00100 1014 3.18465
37.01800 1041 3.22581
37.03500 1000 3.16228
37.05200 1049 3.23932
37.06900 1031 3.21081
37.08600 1046 3.23423
37.10300 1064 3.26164
37.12000 1088 3.2987
37.13700 1091 3.30229
37.15400 1123 3.35201
37.17100 1195 3.45651
37.18800 1221 3.49428
37.20500 1238 3.51799
37.22200 1251 3.53775
37.23900 1218 3.49002
37.25600 1256 3.54441
37.27300 1299 3.60375
37.29000 1356 3.68355
37.30700 1449 3.80693
37.32400 1581 3.97464
37.34100 1651 4.06222
37.35800 1736 4.16667
37.37500 1780 4.21825
37.39200 1933 4.39799
37.40900 2050 4.52679
37.42600 2180 4.6676
37.44300 2229 4.71929
37.46000 2279 4.77274
37.47700 2297 4.79463
37.49400 2214 4.7036
37.51100 2146 4.63241
37.52800 2099 4.58349
37.54500 2086 4.56912
37.56200 1971 4.44116
37.57900 1931 4.39375
37.59600 1821 4.2679
37.61300 1693 4.11345
37.63000 1628 4.03567
37.64700 1582 3.97779
37.66400 1564 3.95594
37.68100 1579 3.97464
37.69800 1588 3.9841
37.71500 1571 3.96214
37.73200 1544 3.92837
37.74900 1576 3.96838
37.76600 1540 3.92534
37.78300 1504 3.87783
37.80000 1492 3.86334
37.81700 1499 3.87202
37.83400 1521 3.90137
37.85100 1553 3.94055
37.86800 1586 3.98094
37.88500 1640 4.04888
37.90200 1748 4.18121
37.91900 1869 4.32338
37.93600 1965 4.43242
37.95300 2063 4.54077
37.97000 2156 4.64238
37.98700 2260 4.75651
38.00400 2374 4.8737
38.02100 2426 4.92665
38.03800 2382 4.8795
38.05500 2363 4.86217
38.07200 2336 4.83368
38.08900 2299 4.79463
38.10600 2201 4.69323
38.12300 2127 4.61266
38.14000 2005 4.47661
38.15700 1875 4.33148
38.17400 1752 4.18487
38.19100 1696 4.11693
38.20800 1584 3.98094
38.22500 1492 3.86334
38.24200 1337 3.65636
38.25900 1299 3.60375
38.27600 1218 3.49002
38.29300 1199 3.46272
38.31000 1098 3.31315
38.32700 1064 3.26164
38.34400 1034 3.21578
38.36100 1006 3.17181
38.37800 952 3.08607
38.39500 1018 3.19113
38.41200 962 3.10087
38.42900 973 3.11891
38.44600 1060 3.25645
38.46300 1018 3.19113
38.48000 1031 3.21081
38.49700 1151 3.39227
38.51400 1206 3.47314
38.53100 1283 3.58287
38.54800 1349 3.67359
38.56500 1460 3.8208
38.58200 1538 3.92232
38.59900 1628 4.03567
38.61600 1739 4.17029
38.63300 1758 4.19222
38.65000 1799 4.24094
38.66700 1817 4.26401
38.68400 1739 4.17029
38.70100 1651 4.06222
38.71800 1623 4.02911
38.73500 1553 3.94055
38.75200 1480 3.84615
38.76900 1434 3.78777
38.78600 1356 3.68355
38.80300 1263 3.55335
38.82000 1181 3.43604
38.83700 1138 3.37292
38.85400 1109 3.32964
38.87100 1110 3.33148
38.88800 1099 3.31497
38.90500 1097 3.31133
38.92200 1114 3.33704
38.93900 1086 3.29511
38.95600 1049 3.23932
38.97300 1081 3.28798
38.99000 1090 3.30229
39.00700 1076 3.28089
39.02400 1068 3.2686
39.04100 1046 3.23423
39.05800 1049 3.23932
39.07500 1074 3.27737
39.09200 1045 3.23254
39.10900 1051 3.24272
39.12600 1034 3.21578
39.14300 1050 3.24102
39.16000 1044 3.23085
39.17700 1095 3.30952
39.19400 1148 3.38837
39.21100 1133 3.36527
39.22800 1204 3.46896
39.24500 1231 3.50931
39.26200 1244 3.52673
39.27900 1274 3.56915
39.29600 1308 3.61551
39.31300 1419 3.76622
39.33000 1345 3.66864
39.34700 1392 3.73197
39.36400 1410 3.75558
39.38100 1411 3.75558
39.39800 1364 3.69358
39.41500 1345 3.66864
39.43200 1345 3.66864
39.44900 1299 3.60375
39.46600 1280 3.57828
39.48300 1241 3.52235
39.50000 1227 3.50285
39.51700 1171 3.42193
39.53400 1153 3.39618
39.55100 1129 3.35957
39.56800 1132 3.36527
39.58500 1101 3.31862
39.60200 1118 3.3445
39.61900 1071 3.2721
39.63600 1063 3.25991
39.65300 1060 3.25645
39.67000 1075 3.27913
39.68700 1051 3.24272
39.70400 1027 3.20421
39.72100 1020 3.19438
39.73800 1004 3.16862
39.75500 988 3.14347
39.77200 974 3.12043
39.78900 972 3.1174
39.80600 982 3.1342
39.82300 997 3.15754
39.84000 1000 3.16228
39.85700 1015 3.18626
39.87400 1072 3.27385
39.89100 1103 3.32045
39.90800 1144 3.38255
39.92500 1177 3.42997
39.94200 1205 3.47105
39.95900 1254 3.54218
39.97600 1267 3.56009
39.99300 1266 3.55784
40.01000 1254 3.54218
40.02700 1258 3.54663
40.04400 1242 3.52454
40.06100 1219 3.49215
40.07800 1170 3.41993
40.09500 1138 3.37292
40.11200 1092 3.30409
40.12900 1049 3.23932
40.14600 1043 3.22917
40.16300 1006 3.17181
40.18000 994 3.15283
40.19700 1021 3.19601
40.21400 948 3.07875
40.23100 929 3.04855
40.24800 948 3.07875
40.26500 932 3.05281
40.28200 916 3.02614
40.29900 894 2.98941
40.31600 908 3.01374
40.33300 863 2.93737
40.35000 902 3.00285
40.36700 828 2.87718
40.38400 826 2.87361
40.40100 856 2.92603
40.41800 876 2.95915
40.43500 880 2.96695
40.45200 839 2.89642
40.46900 857 2.92728
40.48600 843 2.90374
40.50300 863 2.93737
40.52000 844 2.90496
40.53700 842 2.90129
40.55400 873 2.95527
40.57100 907 3.01101
40.58800 923 3.03869
40.60500 909 3.01511
40.62200 951 3.08313
40.63900 994 3.15283
40.65600 1008 3.175
40.67300 984 3.13728
40.69000 1010 3.17821
40.70700 1065 3.26338
40.72400 1056 3.24956
40.74100 1055 3.24785
40.75800 1069 3.27035
40.77500 1086 3.29511
40.79200 1115 3.3389
40.80900 1144 3.38255
40.82600 1118 3.3445
40.84300 1150 3.39032
40.86000 1161 3.40799
40.87700 1179 3.43401
40.89400 1232 3.50931
40.91100 1280 3.57828
40.92800 1310 3.62024
40.94500 1325 3.63937
40.96200 1311 3.62024
40.97900 1316 3.62738
40.99600 1327 3.64179
41.01300 1284 3.58287
41.03000 1273 3.56688
41.04700 1232 3.50931
41.06400 1159 3.40404
41.08100 1095 3.30952
41.09800 1038 3.22245
41.11500 994 3.15283
41.13200 996 3.15597
41.14900 960 3.09789
41.16600 919 3.0317
41.18300 892 2.98674
41.20000 878 2.96304
41.21700 876 2.95915
41.23400 867 2.945
41.25100 831 2.88315
41.26800 871 2.95141
41.28500 848 2.91235
41.30200 915 3.02475
41.31900 942 3.06858
41.33600 978 3.12806
41.35300 1001 3.16386
41.37000 1035 3.21745
41.38700 1023 3.19765
41.40400 1032 3.21246
41.42100 1109 3.32964
41.43800 1138 3.37292
41.45500 1145 3.38449
41.47200 1151 3.39227
41.48900 1169 3.41993
41.50600 1194 3.45444
41.52300 1243 3.52454
41.54000 1329 3.64662
41.55700 1338 3.65881
41.57400 1403 3.74503
41.59100 1453 3.81246
41.60800 1490 3.86046
41.62500 1553 3.94055
41.64200 1625 4.03239
41.65900 1655 4.06894
41.67600 1738 4.17029
41.69300 1760 4.19591
41.71000 1734 4.16305
41.72700 1728 4.15586
41.74400 1735 4.16667
41.76100 1714 4.14158
41.77800 1639 4.04888
41.79500 1579 3.97464
41.81200 1519 3.89841
41.82900 1430 3.78235
41.84600 1354 3.67856
41.86300 1267 3.56009
41.88000 1210 3.47945
41.89700 1140 3.37676
41.91400 1094 3.30771
41.93100 1037 3.22078
41.94800 1027 3.20421
41.96500 991 3.14814
41.98200 951 3.08313
41.99900 915 3.02475
42.01600 945 3.07438
42.03300 941 3.06714
42.05000 974 3.12043
42.06700 1006 3.17181
42.08400 1043 3.22917
42.10100 1083 3.29154
42.11800 1127 3.35767
42.13500 1183 3.4401
42.15200 1289 3.58979
42.16900 1332 3.64905
42.18600 1425 3.77426
42.20300 1443 3.79869
42.22000 1423 3.77157
42.23700 1475 3.84048
42.25400 1542 3.92534
42.27100 1497 3.86912
42.28800 1432 3.78506
42.30500 1469 3.83201
42.32200 1418 3.76622
42.33900 1409 3.75293
42.35600 1324 3.63937
42.37300 1273 3.56688
42.39000 1208 3.47524
42.40700 1106 3.32595
42.42400 1041 3.22581
42.44100 1050 3.24102
42.45800 1007 3.1734
42.47500 964 3.10535
42.49200 958 3.09492
42.50900 949 3.08021
42.52600 909 3.01511
42.54300 923 3.03869
42.56000 898 2.99611
42.57700 875 2.95786
42.59400 906 3.00965
42.61100 937 3.06138
42.62800 936 3.05995
42.64500 984 3.13728
42.66200 988 3.14347
42.67900 1030 3.20915
42.69600 1110 3.33148
42.71300 1154 3.39618
42.73000 1212 3.48155
42.74700 1314 3.625
42.76400 1364 3.69358
42.78100 1455 3.81524
42.79800 1536 3.91931
42.81500 1560 3.94976
42.83200 1574 3.96838
42.84900 1581 3.97464
42.86600 1590 3.98726
42.88300 1618 4.02259
42.90000 1675 4.09273
42.91700 1702 4.12393
42.93400 1666 4.08248
42.95100 1610 4.01286
42.96800 1496 3.86912
42.98500 1457 3.81802
43.00200 1419 3.76622
43.01900 1394 3.73457
43.03600 1395 3.73457
43.05300 1346 3.66864
43.07000 1275 3.57143
43.08700 1212 3.48155
43.10400 1166 3.41394
43.12100 1093 3.3059
43.13800 1078 3.28266
43.15500 1043 3.22917
43.17200 1008 3.175
43.18900 982 3.1342
43.20600 980 3.13112
43.22300 940 3.0657
43.24000 951 3.08313
43.25700 921 3.03449
43.27400 906 3.00965
43.29100 931 3.05139
43.30800 925 3.0415
43.32500 914 3.02337
43.34200 940 3.0657
43.35900 919 3.0317
43.37600 927 3.04431
43.39300 925 3.0415
43.41000 947 3.07729
43.42700 922 3.03588
43.44400 921 3.03449
43.46100 918 3.0303
43.47800 900 3.00015
43.49500 892 2.98674
43.51200 881 2.96826
43.52900 859 2.93105
43.54600 865 2.94118
43.56300 890 2.98275
43.58000 883 2.97088
43.59700 897 2.99476
43.61400 894 2.98941
43.63100 913 3.02199
43.64800 927 3.04431
43.66500 942 3.06858
43.68200 958 3.09492
43.69900 968 3.11136
43.71600 959 3.09641
43.73300 980 3.13112
43.75000 988 3.14347
43.76700 996 3.15597
43.78400 1009 3.1766
43.80100 976 3.12348
43.81800 967 3.10985
43.83500 969 3.11286
43.85200 952 3.08607
43.86900 943 3.07148
43.88600 931 3.05139
43.90300 922 3.03588
43.92000 932 3.05281
43.93700 909 3.01511
43.95400 917 3.02752
43.97100 914 3.02337
43.98800 875 2.95786
44.00500 894 2.98941
44.02200 901 3.0015
44.03900 886 2.97614
44.05600 887 2.97878
44.07300 858 2.92854
44.09000 892 2.98674
44.10700 864 2.93991
44.12400 858 2.92854
44.14100 861 2.93484
44.15800 871 2.95141
44.17500 879 2.96435
44.19200 847 2.90988
44.20900 868 2.94628
44.22600 863 2.93737
44.24300 881 2.96826
44.26000 900 3.00015
44.27700 852 2.91854
44.29400 879 2.96435
44.31100 853 2.92103
44.32800 862 2.9361
44.34500 866 2.94245
44.36200 857 2.92728
44.37900 856 2.92603
44.39600 871 2.95141
44.41300 811 2.84786
44.43000 853 2.92103
44.44700 854 2.92228
44.46400 828 2.87718
44.48100 859 2.93105
44.49800 825 2.87242
44.51500 830 2.88076
44.53200 860 2.93231
44.54900 822 2.86652
44.56600 835 2.88916
44.58300 835 2.88916
44.60000 846 2.90865
44.61700 866 2.94245
44.63400 860 2.93231
44.65100 845 2.90742
44.66800 839 2.89642
44.68500 850 2.91606
44.70200 857 2.92728
44.71900 848 2.91235
44.73600 855 2.92353
44.75300 847 2.90988
44.77000 824 2.87006
44.78700 831 2.88315
44.80400 855 2.92353
44.82100 840 2.89886
44.83800 837 2.89278
44.85500 848 2.91235
44.87200 857 2.92728
44.88900 858 2.92854
44.90600 862 2.9361
44.92300 873 2.95527
44.94000 871 2.95141
44.95700 896 2.99342
44.97400 889 2.98142
44.99100 880 2.96695
45.00800 892 2.98674
45.02500 908 3.01374
45.04200 928 3.04572
45.05900 893 2.98807
45.07600 887 2.97878
45.09300 914 3.02337
45.11000 905 3.00828
45.12700 921 3.03449
45.14400 933 3.05424
45.16100 863 2.93737
45.17800 927 3.04431
45.19500 929 3.04855
45.21200 941 3.06714
45.22900 936 3.05995
45.24600 979 3.12959
45.26300 985 3.13882
45.28000 1029 3.2075
45.29700 1089 3.30049
45.31400 1130 3.36146
45.33100 1173 3.42393
45.34800 1213 3.48367
45.36500 1250 3.53553
45.38200 1334 3.65148
45.39900 1386 3.72161
45.41600 1371 3.7037
45.43300 1389 3.72678
45.45000 1377 3.71135
45.46700 1389 3.72678
45.48400 1417 3.76355
45.50100 1430 3.78235
45.51800 1447 3.80418
45.53500 1455 3.81524
45.55200 1413 3.75823
45.56900 1427 3.77695
45.58600 1385 3.72161
45.60300 1320 3.63216
45.62000 1323 3.63696
45.63700 1311 3.62024
45.65400 1289 3.58979
45.67100 1262 3.55335
45.68800 1214 3.48367
45.70500 1134 3.36718
45.72200 1123 3.35201
45.73900 1110 3.33148
45.75600 1037 3.22078
45.77300 1006 3.17181
45.79000 1033 3.21412
45.80700 1025 3.20092
45.82400 1015 3.18626
45.84100 1055 3.24785
45.85800 1057 3.25128
45.87500 1072 3.27385
45.89200 1127 3.35767
45.90900 1175 3.42796
45.92600 1182 3.43807
45.94300 1249 3.53333
45.96000 1285 3.58517
45.97700 1328 3.6442
45.99400 1336 3.65392
46.01100 1311 3.62024
46.02800 1326 3.64179
46.04500 1331 3.64905
46.06200 1304 3.61079
46.07900 1246 3.52892
46.09600 1276 3.57143
46.11300 1265 3.55559
46.13000 1258 3.54663
46.14700 1296 3.59908
46.16400 1205 3.47105
46.18100 1197 3.46064
46.19800 1158 3.40207
46.21500 1149 3.39032
46.23200 1179 3.43401
46.24900 1187 3.44623
46.26600 1150 3.39032
46.28300 1206 3.47314
46.30000 1167 3.41593
46.31700 1201 3.46479
46.33400 1235 3.51364
46.35100 1224 3.49856
46.36800 1240 3.52235
46.38500 1317 3.62977
46.40200 1307 3.61551
46.41900 1314 3.625
46.43600 1354 3.67856
46.45300 1345 3.66864
46.47000 1389 3.72678
46.48700 1344 3.66618
46.50400 1306 3.61315
46.52100 1313 3.62262
46.53800 1341 3.66126
46.55500 1327 3.64179
46.57200 1291 3.59211
46.58900 1296 3.59908
46.60600 1268 3.56009
46.62300 1251 3.53775
46.64000 1264 3.55559
46.65700 1209 3.47734
46.67400 1151 3.39227
46.69100 1149 3.39032
46.70800 1135 3.36909
46.72500 1112 3.33519
46.74200 1111 3.33333
46.75900 1072 3.27385
46.77600 1024 3.19928
46.79300 1022 3.19765
46.81000 1016 3.18788
46.82700 1022 3.19765
46.84400 1009 3.1766
46.86100 975 3.12195
46.87800 988 3.14347
46.89500 1040 3.22413
46.91200 1065 3.26338
46.92900 1112 3.33519
46.94600 1092 3.30409
46.96300 1128 3.35767
46.98000 1133 3.36527
46.99700 1136 3.371
47.01400 1115 3.3389
47.03100 1115 3.3389
47.04800 1090 3.30229
47.06500 1096 3.31133
47.08200 1070 3.27035
47.09900 1028 3.20585
47.11600 1030 3.20915
47.13300 1002 3.16544
47.15000 1002 3.16544
47.16700 1022 3.19765
47.18400 995 3.1544
47.20100 1035 3.21745
47.21800 1030 3.20915
47.23500 1003 3.16703
47.25200 992 3.1497
47.26900 1025 3.20092
47.28600 1020 3.19438
47.30300 1036 3.21911
47.32000 1046 3.23423
47.33700 1014 3.18465
47.35400 1012 3.18142
47.37100 1036 3.21911
47.38800 1053 3.24443
47.40500 1024 3.19928
47.42200 1024 3.19928
47.43900 1008 3.175
47.45600 994 3.15283
47.47300 992 3.1497
47.49000 974 3.12043
47.50700 971 3.11588
47.52400 975 3.12195
47.54100 972 3.1174
47.55800 948 3.07875
47.57500 921 3.03449
47.59200 937 3.06138
47.60900 933 3.05424
47.62600 898 2.99611
47.64300 895 2.99208
47.66000 903 3.00557
47.67700 895 2.99208
47.69400 862 2.9361
47.71100 859 2.93105
47.72800 877 2.96174
47.74500 852 2.91854
47.76200 839 2.89642
47.77900 860 2.93231
47.79600 844 2.90496
47.81300 813 2.85133
47.83000 815 2.85481
47.84700 835 2.88916
47.86400 875 2.95786
47.88100 867 2.945
47.89800 839 2.89642
47.91500 838 2.89521
47.93200 889 2.98142
47.94900 889 2.98142
47.96600 905 3.00828
47.98300 929 3.04855
48.00000 920 3.03309
48.01700 932 3.05281
48.03400 948 3.07875
48.05100 945 3.07438
48.06800 926 3.0429
48.08500 962 3.10087
48.10200 996 3.15597
48.11900 923 3.03869
48.13600 895 2.99208
48.15300 901 3.0015
48.17000 879 2.96435
48.18700 880 2.96695
48.20400 825 2.87242
48.22100 801 2.83069
48.23800 792 2.81383
48.25500 813 2.85133
48.27200 791 2.81272
48.28900 759 2.7545
48.30600 769 2.7735
48.32300 741 2.72166
48.34000 758 2.75345
48.35700 738 2.71663
48.37400 797 2.82279
48.39100 783 2.79837
48.40800 792 2.81383
48.42500 772 2.77885
48.44200 780 2.7929
48.45900 809 2.8444
48.47600 807 2.84095
48.49300 812 2.84901
48.51000 840 2.89886
48.52700 854 2.92228
48.54400 889 2.98142
48.56100 899 2.9988
48.57800 939 3.06426
48.59500 999 3.1607
48.61200 1040 3.22413
48.62900 1069 3.27035
48.64600 1134 3.36718
48.66300 1195 3.45651
48.68000 1217 3.4879
48.69700 1196 3.45857
48.71400 1204 3.46896
48.73100 1259 3.54887
48.74800 1233 3.51147
48.76500 1219 3.49215
48.78200 1210 3.47945
48.79900 1181 3.43604
48.81600 1132 3.36527
48.83300 1069 3.27035
48.85000 1019 3.19275
48.86700 1018 3.19113
48.88400 961 3.09938
48.90100 924 3.04009
48.91800 896 2.99342
48.93500 868 2.94628
48.95200 852 2.91854
48.96900 832 2.88435
48.98600 813 2.85133
49.00300 802 2.83183
49.02000 800 2.82843
49.03700 841 2.90007
49.05400 859 2.93105
49.07100 868 2.94628
49.08800 847 2.90988
49.10500 917 3.02752
49.12200 965 3.10685
49.13900 988 3.14347
49.15600 931 3.05139
49.17300 997 3.15754
49.19000 1003 3.16703
49.20700 984 3.13728
49.22400 1010 3.17821
49.24100 1006 3.17181
49.25800 970 3.11437
49.27500 991 3.14814
49.29200 989 3.14503
49.30900 987 3.14192
49.32600 994 3.15283
49.34300 984 3.13728
49.36000 983 3.13574
49.37700 988 3.14347
49.39400 972 3.1174
49.41100 968 3.11136
49.42800 933 3.05424
49.44500 903 3.00557
49.46200 924 3.04009
49.47900 919 3.0317
49.49600 909 3.01511
49.51300 899 2.9988
49.53000 928 3.04572
49.54700 920 3.03309
49.56400 925 3.0415
49.58100 982 3.1342
49.59800 1002 3.16544
49.61500 1016 3.18788
49.63200 1053 3.24443
49.64900 1071 3.2721
49.66600 1110 3.33148
49.68300 1169 3.41993
49.70000 1225 3.5007
49.71700 1283 3.58287
49.73400 1340 3.66126
49.75100 1342 3.66372
49.76800 1339 3.65881
49.78500 1365 3.69358
49.80200 1374 3.70625
49.81900 1337 3.65636
49.83600 1341 3.66126
49.85300 1355 3.68105
49.87000 1309 3.61787
49.88700 1303 3.61079
49.90400 1332 3.64905
49.92100 1289 3.58979
49.93800 1230 3.50715
49.95500 1142 3.37869
49.97200 1143 3.38062
49.98900 1123 3.35201
50.00600 1042 3.22749
50.02300 1057 3.25128
50.04000 1012 3.18142
50.05700 1004 3.16862
50.07400 975 3.12195
50.09100 1003 3.16703
50.10800 987 3.14192
50.12500 966 3.10835
50.14200 1000 3.16228
50.15900 1022 3.19765
50.17600 1008 3.175
50.19300 1046 3.23423
50.21000 1037 3.22078
50.22700 1052 3.24272
50.24400 1070 3.27035
50.26100 1046 3.23423
50.27800 1076 3.28089
50.29500 1064 3.26164
50.31200 1067 3.26686
50.32900 1092 3.30409
50.34600 1034 3.21578
50.36300 1067 3.26686
50.38000 1126 3.35578
50.39700 1107 3.32779
50.41400 1124 3.35201
50.43100 1151 3.39227
50.44800 1146 3.38449
50.46500 1153 3.39618
50.48200 1184 3.4401
50.49900 1213 3.48367
50.51600 1233 3.51147
50.53300 1232 3.50931
50.55000 1221 3.49428
50.56700 1213 3.48367
50.58400 1190 3.45033
50.60100 1151 3.39227
50.61800 1104 3.32228
50.63500 1075 3.27913
50.65200 1046 3.23423
50.66900 1023 3.19765
50.68600 998 3.15912
50.70300 967 3.10985
50.72000 937 3.06138
50.73700 897 2.99476
50.75400 883 2.97088
50.77100 839 2.89642
50.78800 845 2.90742
50.80500 842 2.90129
50.82200 829 2.87956
50.83900 821 2.86534
50.85600 817 2.85831
50.87300 819 2.86182
50.89000 822 2.86652
50.90700 829 2.87956
50.92400 814 2.85249
50.94100 803 2.8341
50.95800 813 2.85133
50.97500 833 2.88675
50.99200 808 2.8421
51.00900 829 2.87956
51.02600 867 2.945
51.04300 855 2.92353
51.06000 837 2.89278
51.07700 875 2.95786
51.09400 871 2.95141
51.11100 850 2.91606
51.12800 873 2.95527
51.14500 849 2.91358
51.16200 856 2.92603
51.17900 898 2.99611
51.19600 910 3.01648
51.21300 871 2.95141
51.23000 893 2.98807
51.24700 884 2.97351
51.26400 884 2.97351
51.28100 869 2.94756
51.29800 873 2.95527
51.31500 875 2.95786
51.33200 866 2.94245
51.34900 859 2.93105
51.36600 846 2.90865
51.38300 857 2.92728
51.40000 866 2.94245
51.41700 837 2.89278
51.43400 844 2.90496
51.45100 832 2.88435
51.46800 816 2.85714
51.48500 810 2.84555
51.50200 802 2.83183
51.51900 793 2.81606
51.53600 801 2.83069
51.55300 814 2.85249
51.57000 813 2.85133
51.58700 782 2.79618
51.60400 763 2.76184
51.62100 800 2.82843
51.63800 806 2.83866
51.65500 777 2.78747
51.67200 783 2.79837
51.68900 745 2.72976
51.70600 742 2.72367
51.72300 772 2.77885
51.74000 738 2.71663
51.75700 739 2.71864
51.77400 736 2.71263
51.79100 703 2.65186
51.80800 699 2.64351
51.82500 709 2.66312
51.84200 723 2.68899
51.85900 711 2.6669
51.87600 684 2.61533
51.89300 685 2.61712
51.91000 670 2.58803
51.92700 660 2.56917
51.94400 675 2.5985
51.96100 673 2.59412
51.97800 639 2.5278
51.99500 663 2.57513
52.01200 662 2.57257
52.02900 692 2.63067
52.04600 680 2.60732
52.06300 677 2.60201
52.08000 671 2.59064
52.09700 677 2.60201
52.11400 671 2.59064
52.13100 683 2.61354
52.14800 730 2.70172
52.16500 728 2.69778
52.18200 699 2.64351
52.19900 727 2.69582
52.21600 707 2.65935
52.23300 727 2.69582
52.25000 733 2.70765
52.26700 739 2.71864
52.28400 747 2.73281
52.30100 726 2.69484
52.31800 712 2.6688
52.33500 720 2.68317
52.35200 711 2.6669
52.36900 684 2.61533
52.38600 687 2.62071
52.40300 687 2.62071
52.42000 687 2.62071
52.43700 675 2.5985
52.45400 665 2.57855
52.47100 672 2.59238
52.48800 680 2.60732
52.50500 684 2.61533
52.52200 694 2.63432
52.53900 681 2.60998
52.55600 666 2.58027
52.57300 672 2.59238
52.59000 647 2.54329
52.60700 643 2.53592
52.62400 698 2.64166
52.64100 717 2.6774
52.65800 705 2.6556
52.67500 706 2.65747
52.69200 715 2.67357
52.70900 737 2.71463
52.72600 753 2.74411
52.74300 748 2.73485
52.76000 754 2.74618
52.77700 737 2.71463
52.79400 751 2.73998
52.81100 780 2.7929
52.82800 789 2.80939
52.84500 785 2.80166
52.86200 769 2.7735
52.87900 770 2.77457
52.89600 786 2.80386
52.91300 777 2.78747
52.93000 782 2.79618
52.94700 783 2.79837
52.96400 762 2.76079
52.98100 764 2.76395
52.99800 750 2.73896
53.01500 754 2.74618
53.03200 729 2.69975
53.04900 754 2.74618
53.06600 741 2.72166
53.08300 737 2.71463
53.10000 713 2.66975
53.11700 719 2.68124
53.13400 732 2.70567
53.15100 755 2.74721
53.16800 726 2.69484
53.18500 739 2.71864
53.20200 728 2.69778
53.21900 751 2.73998
53.23600 767 2.76924
53.25300 748 2.73485
53.27000 774 2.78207
53.28700 780 2.7929
53.30400 787 2.80496
53.32100 769 2.7735
53.33800 769 2.7735
53.35500 754 2.74618
53.37200 768 2.77137
53.38900 752 2.74204
53.40600 776 2.78531
53.42300 752 2.74204
53.44000 749 2.7369
53.45700 739 2.71864
53.47400 763 2.76184
53.49100 775 2.78423
53.50800 761 2.75869
53.52500 759 2.7545
53.54200 770 2.77457
53.55900 762 2.76079
53.57600 772 2.77885
53.59300 783 2.79837
53.61000 783 2.79837
53.62700 801 2.83069
53.64400 802 2.83183
53.66100 824 2.87006
53.67800 832 2.88435
53.69500 838 2.89521
53.71200 822 2.86652
53.72900 816 2.85714
53.74600 831 2.88315
53.76300 844 2.90496
53.78000 830 2.88076
53.79700 823 2.86888
53.81400 828 2.87718
53.83100 808 2.8421
53.84800 827 2.87599
53.86500 860 2.93231
53.88200 864 2.93991
53.89900 858 2.92854
53.91600 854 2.92228
53.93300 875 2.95786
53.95000 840 2.89886
53.96700 820 2.86299
53.98400 827 2.87599
54.00100 842 2.90129
54.01800 810 2.84555
54.03500 806 2.83866
54.05200 838 2.89521
54.06900 813 2.85133
54.08600 838 2.89521
54.10300 824 2.87006
54.12000 813 2.85133
54.13700 797 2.82279
54.15400 829 2.87956
54.17100 790 2.8105
54.18800 805 2.83752
54.20500 809 2.8444
54.22200 771 2.77671
54.23900 809 2.8444
54.25600 786 2.80386
54.27300 771 2.77671
54.29000 770 2.77457
54.30700 803 2.8341
54.32400 775 2.78423
54.34100 757 2.75137
54.35800 769 2.7735
54.37500 736 2.71263
54.39200 712 2.6688
54.40900 712 2.6688
54.42600 727 2.69582
54.44300 732 2.70567
54.46000 737 2.71463
54.47700 742 2.72367
54.49400 736 2.71263
54.51100 718 2.67932
54.52800 722 2.68705
54.54500 752 2.74204
54.56200 752 2.74204
54.57900 745 2.72976
54.59600 762 2.76079
54.61300 760 2.75659
54.63000 736 2.71263
54.64700 721 2.68511
54.66400 740 2.72065
54.68100 760 2.75659
54.69800 764 2.76395
54.71500 749 2.7369
54.73200 728 2.69778
54.74900 704 2.65372
54.76600 693 2.63249
54.78300 691 2.62885
54.80000 674 2.59587
54.81700 692 2.63067
54.83400 648 2.54576
54.85100 634 2.51816
54.86800 628 2.50627
54.88500 644 2.53755
54.90200 663 2.57513
54.91900 648 2.54576
54.93600 638 2.52619
54.95300 649 2.54741
54.97000 643 2.53592
54.98700 650 2.54989
55.00400 641 2.53185
55.02100 654 2.55739
55.03800 645 2.54
55.05500 658 2.56495
55.07200 637 2.52377
55.08900 671 2.59064
55.10600 660 2.56917
55.12300 627 2.50392
55.14000 649 2.54741
55.15700 638 2.52619
55.17400 684 2.61533
55.19100 644 2.53755
55.20800 670 2.58803
55.22500 661 2.57087
55.24200 663 2.57513
55.25900 627 2.50392
55.27600 636 2.52217
55.29300 645 2.54
55.31000 673 2.59412
55.32700 649 2.54741
55.34400 666 2.58027
55.36100 637 2.52377
55.37800 640 2.52942
55.39500 652 2.55321
55.41200 646 2.54164
55.42900 637 2.52377
55.44600 642 2.53347
55.46300 676 2.60025
55.48000 660 2.56917
55.49700 653 2.55571
55.51400 681 2.60998
55.53100 705 2.6556
55.54800 717 2.6774
55.56500 750 2.73896
55.58200 779 2.79073
55.59900 797 2.82279
55.61600 833 2.88675
55.63300 856 2.92603
55.65000 862 2.9361
55.66700 886 2.97614
55.68400 897 2.99476
55.70100 878 2.96304
55.71800 874 2.95656
55.73500 865 2.94118
55.75200 858 2.92854
55.76900 883 2.97088
55.78600 859 2.93105
55.80300 839 2.89642
55.82000 833 2.88675
55.83700 845 2.90742
55.85400 861 2.93484
55.87100 800 2.82843
55.88800 791 2.81272
55.90500 773 2.77992
55.92200 749 2.7369
55.93900 746 2.73179
55.95600 708 2.66123
55.97300 722 2.68705
55.99000 643 2.53592
56.00700 649 2.54741
56.02400 676 2.60025
56.04100 706 2.65747
56.05800 655 2.55906
56.07500 650 2.54989
56.09200 655 2.55906
56.10900 651 2.55155
56.12600 689 2.62522
56.14300 635 2.51976
56.16000 644 2.53755
56.17700 644 2.53755
56.19400 644 2.53755
56.21100 642 2.53347
56.22800 643 2.53592
56.24500 653 2.55571
56.26200 641 2.53185
56.27900 628 2.50627
56.29600 657 2.56326
56.31300 659 2.56748
56.33000 646 2.54164
56.34700 641 2.53185
56.36400 633 2.51577
56.38100 640 2.52942
56.39800 647 2.54329
56.41500 625 2.5
56.43200 635 2.51976
56.44900 638 2.52619
56.46600 632 2.51418
56.48300 618 2.48606
56.50000 613 2.47613
56.51700 598 2.44558
56.53400 590 2.42893
56.55100 602 2.45366
56.56800 620 2.48991
56.58500 615 2.47993
56.60200 611 2.47159
56.61900 629 2.50785
56.63600 617 2.48375
56.65300 621 2.49222
56.67000 618 2.48606
56.68700 615 2.47993
56.70400 619 2.48759
56.72100 636 2.52217
56.73800 618 2.48606
56.75500 594 2.43685
56.77200 608 2.46557
56.78900 597 2.44339
56.80600 567 2.38095
56.82300 604 2.45737
56.84000 616 2.48222
56.85700 584 2.41684
56.87400 587 2.42251
56.89100 600 2.44924
56.90800 580 2.40842
56.92500 592 2.43324
56.94200 609 2.46782
56.95900 585 2.41896
56.97600 577 2.40215
56.99300 568 2.38298
57.01000 576 2.40008
57.02700 611 2.47159
57.04400 633 2.51577
57.06100 638 2.52619
57.07800 630 2.51022
57.09500 632 2.51418
57.11200 642 2.53347
57.12900 647 2.54329
57.14600 644 2.53755
57.16300 636 2.52217
57.18000 647 2.54329
57.19700 662 2.57257
57.21400 642 2.53347
57.23100 650 2.54989
57.24800 654 2.55739
57.26500 661 2.57087
57.28200 672 2.59238
57.29900 668 2.58457
57.31600 664 2.57684
57.33300 647 2.54329
57.35000 652 2.55321
57.36700 674 2.59587
57.38400 668 2.58457
57.40100 668 2.58457
57.41800 666 2.58027
57.43500 666 2.58027
57.45200 683 2.61354
57.46900 714 2.67166
57.48600 724 2.69093
57.50300 726 2.69484
57.52000 729 2.69975
57.53700 742 2.72367
57.55400 746 2.73179
57.57100 768 2.77137
57.58800 761 2.75869
57.60500 753 2.74411
57.62200 740 2.72065
57.63900 714 2.67166
57.65600 743 2.7257
57.67300 755 2.74721
57.69000 731 2.70369
57.70700 745 2.72976
57.72400 731 2.70369
57.74100 702 2.64906
57.75800 672 2.59238
57.77500 708 2.66123
57.79200 709 2.66312
57.80900 688 2.62342
57.82600 663 2.57513
57.84300 657 2.56326
57.86000 632 2.51418
57.87700 650 2.54989
57.89400 636 2.52217
57.91100 655 2.55906
57.92800 647 2.54329
57.94500 635 2.51976
57.96200 614 2.47765
57.97900 658 2.56495
57.99600 633 2.51577
58.01300 652 2.55321
58.03000 590 2.42893
58.04700 609 2.46782
58.06400 602 2.45366
58.08100 589 2.42678
58.09800 630 2.51022
58.11500 611 2.47159
58.13200 615 2.47993
58.14900 601 2.45145
58.16600 625 2.5
58.18300 609 2.46782
58.20000 645 2.54
58.21700 643 2.53592
58.23400 641 2.53185
58.25100 658 2.56495
58.26800 651 2.55155
58.28500 662 2.57257
58.30200 661 2.57087
58.31900 643 2.53592
58.33600 640 2.52942
58.35300 619 2.48759
58.37000 605 2.45959
58.38700 614 2.47765
58.40400 621 2.49222
58.42100 604 2.45737
58.43800 600 2.44924
58.45500 618 2.48606
58.47200 602 2.45366
58.48900 586 2.42109
58.50600 574 2.39594
58.52300 562 2.37089
58.54000 583 2.41473
58.55700 567 2.38095
58.57400 534 2.31063
58.59100 532 2.30633
58.60800 563 2.37289
58.62500 572 2.39182
58.64200 566 2.37893
58.65900 559 2.36426
58.67600 563 2.37289
58.69300 564 2.3749
58.71000 608 2.46557
58.72700 594 2.43685
58.74400 595 2.43902
58.76100 566 2.37893
58.77800 587 2.42251
58.79500 578 2.40424
58.81200 587 2.42251
58.82900 584 2.41684
58.84600 589 2.42678
58.86300 603 2.45588
58.88000 627 2.50392
58.89700 611 2.47159
58.91400 571 2.38977
58.93100 601 2.45145
58.94800 572 2.39182
58.96500 586 2.42109
58.98200 581 2.41051
58.99900 599 2.44778
59.01600 595 2.43902
59.03300 570 2.38773
59.05000 568 2.38298
59.06700 538 2.31932
59.08400 582 2.41262
59.10100 538 2.31932
59.11800 589 2.42678
59.13500 569 2.38569
59.15200 580 2.40842
59.16900 550 2.34533
59.18600 563 2.37289
59.20300 545 2.33444
59.22000 560 2.36624
59.23700 558 2.36228
59.25400 531 2.30449
59.27100 529 2.30022
59.28800 554 2.35376
59.30500 560 2.36624
59.32200 555 2.35571
59.33900 534 2.31063
59.35600 508 2.2536
59.37300 531 2.30449
59.39000 535 2.31311
59.40700 525 2.29114
59.42400 529 2.30022
59.44100 537 2.31745
59.45800 538 2.31932
59.47500 527 2.29537
59.49200 514 2.26688
59.50900 547 2.3389
59.52600 578 2.40424
59.54300 568 2.38298
59.56000 553 2.3518
59.57700 537 2.31745
59.59400 564 2.3749
59.61100 570 2.38773
59.62800 558 2.36228
59.64500 556 2.35768
59.66200 569 2.38569
59.67900 564 2.3749
59.69600 593 2.43541
59.71300 584 2.41684
59.73000 574 2.39594
59.74700 606 2.46183
59.76400 623 2.4961
59.78100 622 2.49377
59.79800 625 2.5
59.81500 653 2.55571
59.83200 637 2.52377
59.84900 626 2.50235
59.86600 639 2.5278
59.88300 595 2.43902
59.90000 599 2.44778
59.91700 609 2.46782
59.93400 579 2.40632
59.95100 576 2.40008
59.96800 607 2.46407
59.98500 581 2.41051
60.00200 564 2.3749
60.01900 604 2.45737
60.03600 573 2.39388
60.05300 578 2.40424
60.07000 558 2.36228
60.08700 554 2.35376
60.10400 576 2.40008
60.12100 577 2.40215
60.13800 548 2.34082
60.15500 545 2.33444
60.17200 562 2.37089
60.18900 568 2.38298
60.20600 563 2.37289
60.22300 558 2.36228
60.24000 550 2.34533
60.25700 559 2.36426
60.27400 539 2.32182
60.29100 541 2.32621
60.30800 549 2.34339
60.32500 542 2.3281
60.34200 557 2.3603
60.35900 538 2.31932
60.37600 551 2.34726
60.39300 555 2.35571
60.41000 555 2.35571
60.42700 541 2.32621
60.44400 522 2.28456
60.46100 537 2.31745
60.47800 543 2.33
60.49500 515 2.26921
60.51200 509 2.25589
60.52900 515 2.26921
60.54600 516 2.27155
60.56300 502 2.24055
60.58000 505 2.24733
60.59700 524 2.28934
60.61400 533 2.30879
60.63100 512 2.26281
60.64800 533 2.30879
60.66500 562 2.37089
60.68200 560 2.36624
60.69900 560 2.36624
60.71600 550 2.34533
60.73300 553 2.3518
60.75000 546 2.33635
60.76700 546 2.33635
60.78400 538 2.31932
60.80100 552 2.3492
60.81800 545 2.33444
60.83500 560 2.36624
60.85200 569 2.38569
60.86900 542 2.3281
60.88600 536 2.31496
60.90300 565 2.37691
60.92000 567 2.38095
60.93700 541 2.32621
60.95400 533 2.30879
60.97100 535 2.31311
60.98800 559 2.36426
61.00500 546 2.33635
61.02200 560 2.36624
61.03900 552 2.3492
61.05600 539 2.32182
61.07300 526 2.29355
61.09000 534 2.31063
61.10700 521 2.28277
61.12400 548 2.34082
61.14100 562 2.37089
61.15800 557 2.3603
61.17500 535 2.31311
61.19200 549 2.34339
61.20900 524 2.28934
61.22600 505 2.24733
61.24300 513 2.26513
61.26000 535 2.31311
61.27700 546 2.33635
61.29400 538 2.31932
61.31100 517 2.2739
61.32800 520 2.2804
61.34500 515 2.26921
61.36200 528 2.29779
61.37900 532 2.30633
61.39600 513 2.26513
61.41300 517 2.2739
61.43000 536 2.31496
61.44700 535 2.31311
61.46400 533 2.30879
61.48100 546 2.33635
61.49800 548 2.34082
61.51500 533 2.30879
61.53200 538 2.31932
61.54900 543 2.33
61.56600 552 2.3492
61.58300 541 2.32621
61.60000 519 2.27803
61.61700 534 2.31063
61.63400 534 2.31063
61.65100 535 2.31311
61.66800 520 2.2804
61.68500 547 2.3389
61.70200 552 2.3492
61.71900 544 2.33253
61.73600 531 2.30449
61.75300 549 2.34339
61.77000 567 2.38095
61.78700 556 2.35768
61.80400 562 2.37089
61.82100 555 2.35571
61.83800 555 2.35571
61.85500 542 2.3281
61.87200 565 2.37691
61.88900 558 2.36228
61.90600 569 2.38569
61.92300 528 2.29779
61.94000 535 2.31311
61.95700 550 2.34533
61.97400 520 2.2804
61.99100 564 2.3749
62.00800 538 2.31932
62.02500 540 2.3237
62.04200 547 2.3389
62.05900 551 2.34726
62.07600 533 2.30879
62.09300 515 2.26921
62.11000 527 2.29537
62.12700 505 2.24733
62.14400 510 2.25819
62.16100 495 2.22497
62.17800 504 2.24507
62.19500 492 2.21785
62.21200 498 2.23161
62.22900 504 2.24507
62.24600 505 2.24733
62.26300 500 2.23607
62.28000 497 2.22939
62.29700 486 2.20433
62.31400 487 2.20702
62.33100 509 2.25589
62.34800 497 2.22939
62.36500 488 2.20917
62.38200 493 2.22058
62.39900 500 2.23607
62.41600 483 2.19793
62.43300 475 2.17959
62.45000 496 2.22718
62.46700 507 2.25189
62.48400 501 2.23831
62.50100 482 2.19529
62.51800 471 2.17033
62.53500 484 2.20006
62.55200 500 2.23607
62.56900 508 2.2536
62.58600 510 2.25819
62.60300 486 2.20433
62.62000 493 2.22058
62.63700 510 2.25819
62.65400 515 2.26921
62.67100 510 2.25819
62.68800 502 2.24055
62.70500 508 2.2536
62.72200 519 2.27803
62.73900 497 2.22939
62.75600 521 2.28277
62.77300 526 2.29355
62.79000 540 2.3237
62.80700 553 2.3518
62.82400 563 2.37289
62.84100 542 2.3281
62.85800 558 2.36228
62.87500 555 2.35571
62.89200 553 2.3518
62.90900 542 2.3281
62.92600 551 2.34726
62.94300 565 2.37691
62.96000 546 2.33635
62.97700 576 2.40008
62.99400 557 2.3603
63.01100 560 2.36624
63.02800 574 2.39594
63.04500 548 2.34082
63.06200 514 2.26688
63.07900 515 2.26921
63.09600 524 2.28934
63.11300 478 2.18635
63.13000 520 2.2804
63.14700 532 2.30633
63.16400 514 2.26688
63.18100 519 2.27803
63.19800 527 2.29537
63.21500 501 2.23831
63.23200 520 2.2804
63.24900 514 2.26688
63.26600 498 2.23161
63.28300 483 2.19793
63.30000 481 2.19317
63.31700 483 2.19793
63.33400 497 2.22939
63.35100 495 2.22497
63.36800 506 2.24961
63.38500 508 2.2536
63.40200 518 2.27567
63.41900 510 2.25819
63.43600 519 2.27803
63.45300 534 2.31063
63.47000 528 2.29779
63.48700 530 2.30205
63.50400 537 2.31745
63.52100 525 2.29114
63.53800 518 2.27567
63.55500 508 2.2536
63.57200 518 2.27567
63.58900 517 2.2739
63.60600 495 2.22497
63.62300 494 2.22277
63.64000 489 2.21133
63.65700 488 2.20917
63.67400 509 2.25589
63.69100 482 2.19529
63.70800 496 2.22718
63.72500 498 2.23161
63.74200 489 2.21133
63.75900 457 2.13785
63.77600 483 2.19793
63.79300 474 2.177
63.81000 471 2.17033
63.82700 481 2.19317
63.84400 467 2.16118
63.86100 459 2.14226
63.87800 453 2.12814
63.89500 484 2.20006
63.91200 465 2.15615
63.92900 470 2.16777
63.94600 462 2.14917
63.96300 439 2.09519
63.98000 463 2.15166
63.99700 459 2.14226
64.01400 465 2.15615
64.03100 463 2.15166
64.04800 439 2.09519
64.06500 445 2.10959
64.08200 470 2.16777
64.09900 480 2.19107
64.11600 451 2.12382
64.13300 425 2.06153
64.15000 448 2.11667
64.16700 461 2.14719
64.18400 441 2.0998
64.20100 444 2.10725
64.21800 452 2.12622
64.23500 442 2.10259
64.25200 461 2.14719
64.26900 484 2.20006
64.28600 485 2.20219
64.30300 471 2.17033
64.32000 469 2.16574
64.33700 488 2.20917
64.35400 457 2.13785
64.37100 474 2.177
64.38800 497 2.22939
64.40500 495 2.22497
64.42200 489 2.21133
64.43900 469 2.16574
64.45600 492 2.21785
64.47300 506 2.24961
64.49000 471 2.17033
64.50700 465 2.15615
64.52400 474 2.177
64.54100 486 2.20433
64.55800 475 2.17959
64.57500 470 2.16777
64.59200 482 2.19529
64.60900 486 2.20433
64.62600 474 2.177
64.64300 471 2.17033
64.66000 472 2.17237
64.67700 449 2.11904
64.69400 475 2.17959
64.71100 476 2.18166
64.72800 478 2.18635
64.74500 484 2.20006
64.76200 452 2.12622
64.77900 494 2.22277
64.79600 465 2.15615
64.81300 450 2.12143
64.83000 470 2.16777
64.84700 452 2.12622
64.86400 507 2.25189
64.88100 477 2.18426
64.89800 457 2.13785
64.91500 451 2.12382
64.93200 484 2.20006
64.94900 471 2.17033
64.96600 496 2.22718
64.98300 470 2.16777
65.00000 470 2.16777
65.01700 497 2.22939
65.03400 484 2.20006
65.05100 496 2.22718
65.06800 491 2.21567
65.08500 469 2.16574
65.10200 463 2.15166
65.11900 485 2.20219
65.13600 483 2.19793
65.15300 486 2.20433
65.17000 483 2.19793
65.18700 483 2.19793
65.20400 490 2.21349
65.22100 491 2.21567
65.23800 504 2.24507
65.25500 498 2.23161
65.27200 500 2.23607
65.28900 501 2.23831
65.30600 487 2.20702
65.32300 491 2.21567
65.34000 499 2.23384
65.35700 481 2.19317
65.37400 480 2.19107
65.39100 491 2.21567
65.40800 488 2.20917
65.42500 482 2.19529
65.44200 482 2.19529
65.45900 481 2.19317
65.47600 472 2.17237
65.49300 470 2.16777
65.51000 469 2.16574
65.52700 478 2.18635
65.54400 502 2.24055
65.56100 493 2.22058
65.57800 475 2.17959
65.59500 449 2.11904
65.61200 456 2.13541
65.62900 462 2.14917
65.64600 460 2.14472
65.66300 481 2.19317
65.68000 477 2.18426
65.69700 471 2.17033
65.71400 486 2.20433
65.73100 490 2.21349
65.74800 466 2.15866
65.76500 471 2.17033
65.78200 466 2.15866
65.79900 464 2.15415
65.81600 451 2.12382
65.83300 466 2.15866
65.85000 482 2.19529
65.86700 466 2.15866
65.88400 473 2.17494
65.90100 445 2.10959
65.91800 476 2.18166
65.93500 471 2.17033
65.95200 487 2.20702
65.96900 492 2.21785
65.98600 499 2.23384
66.00300 466 2.15866
66.02000 459 2.14226
66.03700 461 2.14719
66.05400 472 2.17237
66.07100 471 2.17033
66.08800 466 2.15866
66.10500 460 2.14472
66.12200 469 2.16574
66.13900 480 2.19107
66.15600 483 2.19793
66.17300 485 2.20219
66.19000 489 2.21133
66.20700 478 2.18635
66.22400 483 2.19793
66.24100 494 2.22277
66.25800 484 2.20006
66.27500 468 2.16321
66.29200 481 2.19317
66.30900 484 2.20006
66.32600 484 2.20006
66.34300 480 2.19107
66.36000 480 2.19107
66.37700 496 2.22718
66.39400 493 2.22058
66.41100 479 2.18844
66.42800 478 2.18635
66.44500 484 2.20006
66.46200 458 2.14029
66.47900 466 2.15866
66.49600 470 2.16777
66.51300 477 2.18426
66.53000 471 2.17033
66.54700 450 2.12143
66.56400 459 2.14226
66.58100 450 2.12143
66.59800 446 2.11194
66.61500 459 2.14226
66.63200 475 2.17959
66.64900 485 2.20219
66.66600 474 2.177
66.68300 480 2.19107
66.70000 455 2.13298
66.71700 462 2.14917
66.73400 462 2.14917
66.75100 458 2.14029
66.76800 438 2.09289
66.78500 433 2.08108
66.80200 448 2.11667
66.81900 477 2.18426
66.83600 456 2.13541
66.85300 481 2.19317
66.87000 444 2.10725
66.88700 494 2.22277
66.90400 440 2.09749
66.92100 477 2.18426
66.93800 463 2.15166
66.95500 424 2.05934
66.97200 452 2.12622
66.98900 430 2.07346
67.00600 431 2.07614
67.02300 461 2.14719
67.04000 447 2.1143
67.05700 437 2.09061
67.07400 467 2.16118
67.09100 450 2.12143
67.10800 452 2.12622
67.12500 460 2.14472
67.14200 463 2.15166
67.15900 447 2.1143
67.17600 458 2.14029
67.19300 459 2.14226
67.21000 465 2.15615
67.22700 476 2.18166
67.24400 478 2.18635
67.26100 475 2.17959
67.27800 471 2.17033
67.29500 470 2.16777
67.31200 467 2.16118
67.32900 471 2.17033
67.34600 476 2.18166
67.36300 464 2.15415
67.38000 457 2.13785
67.39700 475 2.17959
67.41400 492 2.21785
67.43100 478 2.18635
67.44800 470 2.16777
67.46500 480 2.19107
67.48200 470 2.16777
67.49900 457 2.13785
67.51600 455 2.13298
67.53300 470 2.16777
67.55000 463 2.15166
67.56700 459 2.14226
67.58400 458 2.14029
67.60100 466 2.15866
67.61800 453 2.12814
67.63500 457 2.13785
67.65200 445 2.10959
67.66900 450 2.12143
67.68600 456 2.13541
67.70300 474 2.177
67.72000 454 2.13056
67.73700 450 2.12143
67.75400 473 2.17494
67.77100 443 2.10491
67.78800 458 2.14029
67.80500 448 2.11667
67.82200 467 2.16118
67.83900 467 2.16118
67.85600 459 2.14226
67.87300 479 2.18844
67.89000 439 2.09519
67.90700 444 2.10725
67.92400 444 2.10725
67.94100 432 2.07838
67.95800 447 2.1143
67.97500 458 2.14029
67.99200 464 2.15415
68.00900 462 2.14917
68.02600 472 2.17237
68.04300 478 2.18635
68.06000 480 2.19107
68.07700 440 2.09749
68.09400 470 2.16777
68.11100 443 2.10491
68.12800 444 2.10725
68.14500 465 2.15615
68.16200 456 2.13541
68.17900 475 2.17959
68.19600 472 2.17237
68.21300 470 2.16777
68.23000 468 2.16321
68.24700 473 2.17494
68.26400 489 2.21133
68.28100 474 2.177
68.29800 461 2.14719
68.31500 458 2.14029
68.33200 455 2.13298
68.34900 471 2.17033
68.36600 467 2.16118
68.38300 448 2.11667
68.40000 451 2.12382
68.41700 448 2.11667
68.43400 473 2.17494
68.45100 474 2.177
68.46800 480 2.19107
68.48500 481 2.19317
68.50200 479 2.18844
68.51900 472 2.17237
68.53600 483 2.19793
68.55300 466 2.15866
68.57000 463 2.15166
68.58700 455 2.13298
68.60400 437 2.09061
68.62100 441 2.0998
68.63800 458 2.14029
68.65500 450 2.12143
68.67200 458 2.14029
68.68900 445 2.10959
68.70600 435 2.0856
68.72300 461 2.14719
68.74000 464 2.15415
68.75700 466 2.15866
68.77400 456 2.13541
68.79100 443 2.10491
68.80800 435 2.0856
68.82500 456 2.13541
68.84200 439 2.09519
68.85900 455 2.13298
68.87600 444 2.10725
68.89300 444 2.10725
68.91000 447 2.1143
68.92700 432 2.07838
68.94400 434 2.08333
68.96100 445 2.10959
68.97800 460 2.14472
68.99500 458 2.14029
69.01200 451 2.12382
69.02900 449 2.11904
69.04600 456 2.13541
69.06300 464 2.15415
69.08000 461 2.14719
69.09700 453 2.12814
69.11400 460 2.14472
69.13100 463 2.15166
69.14800 463 2.15166
69.16500 464 2.15415
69.18200 461 2.14719
69.19900 478 2.18635
69.21600 469 2.16574
69.23300 493 2.22058
69.25000 488 2.20917
69.26700 467 2.16118
69.28400 464 2.15415
69.30100 463 2.15166
69.31800 472 2.17237
69.33500 463 2.15166
69.35200 441 2.0998
69.36900 459 2.14226
69.38600 469 2.16574
69.40300 469 2.16574
69.42000 457 2.13785
69.43700 462 2.14917
69.45400 465 2.15615
69.47100 460 2.14472
69.48800 471 2.17033
69.50500 461 2.14719
69.52200 444 2.10725
69.53900 440 2.09749
69.55600 452 2.12622
69.57300 458 2.14029
69.59000 449 2.11904
69.60700 448 2.11667
69.62400 432 2.07838
69.64100 443 2.10491
69.65800 456 2.13541
69.67500 453 2.12814
69.69200 440 2.09749
69.70900 449 2.11904
69.72600 431 2.07614
69.74300 467 2.16118
69.76000 441 2.0998
69.77700 470 2.16777
69.79400 447 2.1143
69.81100 455 2.13298
69.82800 458 2.14029
69.84500 426 2.06416
69.86200 447 2.1143
69.87900 450 2.12143
69.89600 461 2.14719
69.91300 452 2.12622
69.93000 435 2.0856
69.94700 457 2.13785
69.96400 448 2.11667
69.98100 467 2.16118
69.99800 432 2.07838
70.01500 471 2.17033
70.03200 467 2.16118
70.04900 455 2.13298
70.06600 451 2.12382
70.08300 455 2.13298
70.10000 475 2.17959
70.11700 478 2.18635
70.13400 464 2.15415
70.15100 463 2.15166
70.16800 472 2.17237
70.18500 455 2.13298
70.20200 455 2.13298
70.21900 475 2.17959
70.23600 486 2.20433
70.25300 481 2.19317
70.27000 488 2.20917
70.28700 485 2.20219
70.30400 490 2.21349
70.32100 487 2.20702
70.33800 496 2.22718
70.35500 499 2.23384
70.37200 488 2.20917
70.38900 500 2.23607
70.40600 492 2.21785
70.42300 487 2.20702
70.44000 494 2.22277
70.45700 520 2.2804
70.47400 496 2.22718
70.49100 501 2.23831
70.50800 494 2.22277
70.52500 503 2.24281
70.54200 488 2.20917
70.55900 475 2.17959
70.57600 481 2.19317
70.59300 513 2.26513
70.61000 493 2.22058
70.62700 485 2.20219
70.64400 506 2.24961
70.66100 501 2.23831
70.67800 472 2.17237
70.69500 496 2.22718
70.71200 482 2.19529
70.72900 476 2.18166
70.74600 470 2.16777
70.76300 475 2.17959
70.78000 468 2.16321
70.79700 456 2.13541
70.81400 459 2.14226
70.83100 497 2.22939
70.84800 488 2.20917
70.86500 508 2.2536
70.88200 468 2.16321
70.89900 461 2.14719
70.91600 458 2.14029
70.93300 476 2.18166
70.95000 472 2.17237
70.96700 484 2.20006
70.98400 474 2.177
71.00100 451 2.12382
71.01800 462 2.14917
71.03500 473 2.17494
71.05200 471 2.17033
71.06900 436 2.08787
71.08600 451 2.12382
71.10300 445 2.10959
71.12000 463 2.15166
71.13700 463 2.15166
71.15400 451 2.12382
71.17100 436 2.08787
71.18800 449 2.11904
71.20500 444 2.10725
71.22200 436 2.08787
71.23900 453 2.12814
71.25600 469 2.16574
71.27300 455 2.13298
71.29000 444 2.10725
71.30700 417 2.04209
71.32400 419 2.04679
71.34100 457 2.13785
71.35800 458 2.14029
71.37500 448 2.11667
71.39200 460 2.14472
71.40900 465 2.15615
71.42600 477 2.18426
71.44300 465 2.15615
71.46000 443 2.10491
71.47700 448 2.11667
71.49400 465 2.15615
71.51100 466 2.15866
71.52800 471 2.17033
71.54500 450 2.12143
71.56200 447 2.1143
71.57900 464 2.15415
71.59600 482 2.19529
71.61300 457 2.13785
71.63000 443 2.10491
71.64700 455 2.13298
71.66400 447 2.1143
71.68100 449 2.11904
71.69800 438 2.09289
71.71500 456 2.13541
71.73200 452 2.12622
71.74900 430 2.07346
71.76600 444 2.10725
71.78300 445 2.10959
71.80000 421 2.05196
71.81700 471 2.17033
71.83400 459 2.14226
71.85100 458 2.14029
71.86800 463 2.15166
71.88500 478 2.18635
71.90200 436 2.08787
71.91900 444 2.10725
71.93600 449 2.11904
71.95300 466 2.15866
71.97000 470 2.16777
71.98700 438 2.09289
72.00400 438 2.09289
72.02100 460 2.14472
72.03800 439 2.09519
72.05500 436 2.08787
72.07200 441 2.0998
72.08900 445 2.10959
72.10600 471 2.17033
72.12300 451 2.12382
72.14000 450 2.12143
72.15700 463 2.15166
72.17400 449 2.11904
72.19100 457 2.13785
72.20800 459 2.14226
72.22500 446 2.11194
72.24200 441 2.0998
72.25900 442 2.10259
72.27600 439 2.09519
72.29300 435 2.0856
72.31000 435 2.0856
72.32700 431 2.07614
72.34400 421 2.05196
72.36100 417 2.04209
72.37800 411 2.02735
72.39500 422 2.05412
72.41200 419 2.04679
72.42900 418 2.04465
72.44600 429 2.07123
72.46300 439 2.09519
72.48000 442 2.10259
72.49700 438 2.09289
72.51400 447 2.1143
72.53100 446 2.11194
72.54800 445 2.10959
72.56500 436 2.08787
72.58200 421 2.05196
72.59900 427 2.06636
72.61600 445 2.10959
72.63300 450 2.12143
72.65000 457 2.13785
72.66700 448 2.11667
72.68400 441 2.0998
72.70100 451 2.12382
72.71800 469 2.16574
72.73500 455 2.13298
72.75200 451 2.12382
72.76900 443 2.10491
72.78600 441 2.0998
72.80300 441 2.0998
72.82000 431 2.07614
72.83700 472 2.17237
72.85400 445 2.10959
72.87100 463 2.15166
72.88800 468 2.16321
72.90500 449 2.11904
72.92200 458 2.14029
72.93900 449 2.11904
72.95600 430 2.07346
72.97300 442 2.10259
72.99000 444 2.10725
73.00700 438 2.09289
73.02400 424 2.05934
73.04100 453 2.12814
73.05800 464 2.15415
73.07500 456 2.13541
73.09200 477 2.18426
73.10900 462 2.14917
73.12600 479 2.18844
73.14300 487 2.20702
73.16000 478 2.18635
73.17700 484 2.20006
73.19400 489 2.21133
73.21100 471 2.17033
73.22800 476 2.18166
73.24500 476 2.18166
73.26200 470 2.16777
73.27900 464 2.15415
73.29600 465 2.15615
73.31300 445 2.10959
73.33000 457 2.13785
73.34700 457 2.13785
73.36400 432 2.07838
73.38100 448 2.11667
73.39800 449 2.11904
73.41500 441 2.0998
73.43200 445 2.10959
73.44900 458 2.14029
73.46600 465 2.15615
73.48300 459 2.14226
73.50000 455 2.13298
73.51700 446 2.11194
73.53400 438 2.09289
73.55100 426 2.06416
73.56800 446 2.11194
73.58500 434 2.08333
73.60200 457 2.13785
73.61900 431 2.07614
73.63600 449 2.11904
73.65300 452 2.12622
73.67000 432 2.07838
73.68700 430 2.07346
73.70400 448 2.11667
73.72100 420 2.04937
73.73800 428 2.06901
73.75500 421 2.05196
73.77200 447 2.1143
73.78900 431 2.07614
73.80600 437 2.09061
73.82300 446 2.11194
73.84000 433 2.08108
73.85700 425 2.06153
73.87400 421 2.05196
73.89100 421 2.05196
73.90800 443 2.10491
73.92500 425 2.06153
73.94200 427 2.06636
73.95900 465 2.15615
73.97600 446 2.11194
73.99300 440 2.09749
74.01000 435 2.0856
74.02700 434 2.08333
74.04400 438 2.09289
74.06100 450 2.12143
74.07800 430 2.07346
74.09500 419 2.04679
74.11200 438 2.09289
74.12900 452 2.12622
74.14600 448 2.11667
74.16300 451 2.12382
74.18000 449 2.11904
74.19700 461 2.14719
74.21400 468 2.16321
74.23100 463 2.15166
74.24800 474 2.177
74.26500 457 2.13785
74.28200 457 2.13785
74.29900 466 2.15866
74.31600 462 2.14917
74.33300 442 2.10259
74.35000 438 2.09289
74.36700 437 2.09061
74.38400 458 2.14029
74.40100 464 2.15415
74.41800 468 2.16321
74.43500 470 2.16777
74.45200 468 2.16321
74.46900 490 2.21349
74.48600 481 2.19317
74.50300 487 2.20702
74.52000 490 2.21349
74.53700 494 2.22277
74.55400 502 2.24055
74.57100 483 2.19793
74.58800 479 2.18844
74.60500 472 2.17237
74.62200 467 2.16118
74.63900 491 2.21567
74.65600 476 2.18166
74.67300 511 2.2605
74.69000 474 2.177
74.70700 464 2.15415
74.72400 481 2.19317
74.74100 471 2.17033
74.75800 489 2.21133
74.77500 471 2.17033
74.79200 477 2.18426
74.80900 454 2.13056
74.82600 474 2.177
74.84300 447 2.1143
74.86000 466 2.15866
74.87700 464 2.15415
74.89400 473 2.17494
74.91100 461 2.14719
74.92800 464 2.15415
74.94500 479 2.18844
74.96200 464 2.15415
74.97900 479 2.18844
74.99600 485 2.20219
75.01300 487 2.20702
75.03000 507 2.25189
75.04700 478 2.18635
75.06400 474 2.177
75.08100 458 2.14029
75.09800 469 2.16574
75.11500 461 2.14719
75.13200 468 2.16321
75.14900 483 2.19793
75.16600 508 2.2536
75.18300 493 2.22058
75.20000 481 2.19317
75.21700 491 2.21567
75.23400 491 2.21567
75.25100 484 2.20006
75.26800 476 2.18166
75.28500 475 2.17959
75.30200 464 2.15415
75.31900 475 2.17959
75.33600 475 2.17959
75.35300 451 2.12382
75.37000 457 2.13785
75.38700 478 2.18635
75.40400 460 2.14472
75.42100 455 2.13298
75.43800 484 2.20006
75.45500 475 2.17959
75.47200 480 2.19107
75.48900 476 2.18166
75.50600 464 2.15415
75.52300 475 2.17959
75.54000 498 2.23161
75.55700 458 2.14029
75.57400 443 2.10491
75.59100 462 2.14917
75.60800 473 2.17494
75.62500 470 2.16777
75.64200 444 2.10725
75.65900 472 2.17237
75.67600 469 2.16574
75.69300 472 2.17237
75.71000 463 2.15166
75.72700 434 2.08333
75.74400 466 2.15866
75.76100 448 2.11667
75.77800 448 2.11667
75.79500 461 2.14719
75.81200 470 2.16777
75.82900 460 2.14472
75.84600 454 2.13056
75.86300 452 2.12622
75.88000 476 2.18166
75.89700 457 2.13785
75.91400 453 2.12814
75.93100 456 2.13541
75.94800 454 2.13056
75.96500 430 2.07346
75.98200 434 2.08333
75.99900 437 2.09061
76.01600 454 2.13056
76.03300 447 2.1143
76.05000 452 2.12622
76.06700 448 2.11667
76.08400 431 2.07614
76.10100 432 2.07838
76.11800 434 2.08333
76.13500 431 2.07614
76.15200 451 2.12382
76.16900 443 2.10491
76.18600 434 2.08333
76.20300 450 2.12143
76.22000 433 2.08108
76.23700 430 2.07346
76.25400 426 2.06416
76.27100 448 2.11667
76.28800 454 2.13056
76.30500 435 2.0856
76.32200 429 2.07123
76.33900 450 2.12143
76.35600 448 2.11667
76.37300 423 2.05673
76.39000 430 2.07346
76.40700 430 2.07346
76.42400 425 2.06153
76.44100 412 2.02986
76.45800 452 2.12622
76.47500 430 2.07346
76.49200 427 2.06636
76.50900 442 2.10259
76.52600 428 2.06901
76.54300 439 2.09519
76.56000 436 2.08787
76.57700 394 1.98497
76.59400 441 2.0998
76.61100 427 2.06636
76.62800 423 2.05673
76.64500 420 2.04937
76.66200 444 2.10725
76.67900 422 2.05412
76.69600 414 2.03489
76.71300 434 2.08333
76.73000 419 2.04679
76.74700 435 2.0856
76.76400 423 2.05673
76.78100 456 2.13541
76.79800 441 2.0998
76.81500 457 2.13785
76.83200 458 2.14029
76.84900 437 2.09061
76.86600 435 2.0856
76.88300 459 2.14226
76.90000 426 2.06416
76.91700 431 2.07614
76.93400 457 2.13785
76.95100 447 2.1143
76.96800 440 2.09749
76.98500 437 2.09061
77.00200 445 2.10959
77.01900 454 2.13056
77.03600 430 2.07346
77.05300 422 2.05412
77.07000 435 2.0856
77.08700 452 2.12622
77.10400 457 2.13785
77.12100 462 2.14917
77.13800 457 2.13785
77.15500 450 2.12143
77.17200 444 2.10725
77.18900 446 2.11194
77.20600 450 2.12143
77.22300 457 2.13785
77.24000 458 2.14029
77.25700 445 2.10959
77.27400 434 2.08333
77.29100 435 2.0856
77.30800 437 2.09061
77.32500 432 2.07838
77.34200 447 2.1143
77.35900 460 2.14472
77.37600 456 2.13541
77.39300 428 2.06901
77.41000 421 2.05196
77.42700 408 2.01989
77.44400 425 2.06153
77.46100 434 2.08333
77.47800 429 2.07123
77.49500 430 2.07346
77.51200 450 2.12143
77.52900 453 2.12814
77.54600 439 2.09519
77.56300 424 2.05934
77.58000 445 2.10959
77.59700 436 2.08787
77.61400 416 2.03954
77.63100 428 2.06901
77.64800 444 2.10725
77.66500 455 2.13298
77.68200 454 2.13056
77.69900 454 2.13056
77.71600 465 2.15615
77.73300 439 2.09519
77.75000 418 2.04465
77.76700 432 2.07838
77.78400 429 2.07123
77.80100 443 2.10491
77.81800 464 2.15415
77.83500 451 2.12382
77.85200 438 2.09289
77.86900 450 2.12143
77.88600 427 2.06636
77.90300 426 2.06416
77.92000 430 2.07346
77.93700 445 2.10959
77.95400 449 2.11904
77.97100 438 2.09289
77.98800 443 2.10491
78.00500 477 2.18426
78.02200 480 2.19107
78.03900 483 2.19793
78.05600 495 2.22497
78.07300 485 2.20219
78.09000 474 2.177
78.10700 469 2.16574
78.12400 466 2.15866
78.14100 482 2.19529
78.15800 468 2.16321
78.17500 464 2.15415
78.19200 454 2.13056
78.20900 440 2.09749
78.22600 448 2.11667
78.24300 454 2.13056
78.26000 448 2.11667
78.27700 441 2.0998
78.29400 450 2.12143
78.31100 448 2.11667
78.32800 439 2.09519
78.34500 432 2.07838
78.36200 448 2.11667
78.37900 418 2.04465
78.39600 426 2.06416
78.41300 441 2.0998
78.43000 445 2.10959
78.44700 439 2.09519
78.46400 440 2.09749
78.48100 441 2.0998
78.49800 443 2.10491
78.51500 437 2.09061
78.53200 443 2.10491
78.54900 444 2.10725
78.56600 422 2.05412
78.58300 448 2.11667
78.60000 452 2.12622
78.61700 441 2.0998
78.63400 428 2.06901
78.65100 430 2.07346
78.66800 435 2.0856
78.68500 440 2.09749
78.70200 446 2.11194
78.71900 434 2.08333
78.73600 451 2.12382
78.75300 416 2.03954
78.77000 443 2.10491
78.78700 429 2.07123
78.80400 446 2.11194
78.82100 445 2.10959
78.83800 445 2.10959
78.85500 439 2.09519
78.87200 435 2.0856
78.88900 431 2.07614
78.90600 429 2.07123
78.92300 420 2.04937
78.94000 433 2.08108
78.95700 439 2.09519
78.97400 432 2.07838
78.99100 456 2.13541
79.00800 439 2.09519
79.02500 414 2.03489
79.04200 421 2.05196
79.05900 432 2.07838
79.07600 425 2.06153
79.09300 407 2.01743
79.11000 426 2.06416
79.12700 437 2.09061
79.14400 431 2.07614
79.16100 426 2.06416
79.17800 425 2.06153
79.19500 434 2.08333
79.21200 431 2.07614
79.22900 418 2.04465
79.24600 428 2.06901
79.26300 432 2.07838
79.28000 433 2.08108
79.29700 438 2.09289
79.31400 435 2.0856
79.33100 434 2.08333
79.34800 439 2.09519
79.36500 449 2.11904
79.38200 453 2.12814
79.39900 461 2.14719
79.41600 457 2.13785
79.43300 447 2.1143
79.45000 427 2.06636
79.46700 431 2.07614
79.48400 437 2.09061
79.50100 417 2.04209
79.51800 433 2.08108
79.53500 430 2.07346
79.55200 440 2.09749
79.56900 449 2.11904
79.58600 440 2.09749
79.60300 422 2.05412
79.62000 466 2.15866
79.63700 461 2.14719
79.65400 432 2.07838
79.67100 431 2.07614
79.68800 417 2.04209
79.70500 423 2.05673
79.72200 443 2.10491
79.73900 450 2.12143
79.75600 441 2.0998
79.77300 444 2.10725
79.79000 425 2.06153
79.80700 419 2.04679
79.82400 452 2.12622
79.84100 430 2.07346
79.85800 448 2.11667
79.87500 439 2.09519
79.89200 419 2.04679
79.90900 435 2.0856
79.92600 428 2.06901
79.94300 414 2.03489
79.96000 425 2.06153
79.97700 439 2.09519
79.99400 441 2.0998
80.01100 423 2.05673
