# fwhm_typ 0.18821 noise 12.185
3.15361 19.034 62.380 0.3051 6.3
4.13517 124.357 1057.307 0.1176 93.2
4.89076 13.880 44.713 0.3104 5.3
5.79511 16.432 68.691 0.2392 5.7
7.35506 125.816 540.477 0.2328 39.2
8.18813 84.220 419.811 0.2006 25.6
8.74514 141.171 704.707 0.2003 56.8
10.66930 1337.968 8854.768 0.1511 749.3
11.55087 249.694 1387.187 0.1800 105.0
12.45820 62.867 379.822 0.1655 27.7
13.99996 120.039 872.127 0.1376 71.6
15.02973 872.453 4343.143 0.2009 355.4
15.76011 61.107 341.235 0.1791 21.5
16.44289 1266.607 7027.999 0.1802 600.5
17.70239 368.355 1254.417 0.2936 101.4
17.98279 230.244 986.271 0.2334 34.2
18.56664 372.804 1874.465 0.1989 93.2
18.99242 761.562 1924.680 0.3957 174.4
19.31093 486.299 1916.275 0.2538 89.9
19.55186 354.868 1336.919 0.2654 33.3
20.22101 247.036 1047.718 0.2358 65.6
21.03754 609.781 2997.976 0.2034 236.8
21.51794 293.311 945.535 0.3102 20.3
21.70221 328.403 1228.125 0.2674 79.1
22.40865 476.822 2208.952 0.2159 158.4
23.00531 621.486 1792.601 0.3467 80.8
23.51065 534.849 2620.307 0.2041 151.6
23.98176 732.664 3435.816 0.2132 293.4
24.56664 201.887 933.663 0.2162 53.6
24.80490 117.461 517.731 0.2269 12.9
25.15137 66.099 292.536 0.2260 12.7
25.60156 188.843 699.708 0.2699 48.7
26.80359 408.695 1556.025 0.2627 131.6
27.12799 234.356 948.028 0.2472 36.6
27.80026 98.347 407.204 0.2415 29.0
29.35477 297.506 972.406 0.3059 21.8
30.05694 351.354 895.806 0.3922 41.6
31.27666 62.861 266.440 0.2359 20.5
33.31699 53.199 234.594 0.2268 12.7
34.82256 86.725 291.944 0.2971 23.3
36.09064 89.540 269.850 0.3318 13.2
36.71582 23.037 84.429 0.2729 5.0
37.70877 46.442 160.920 0.2886 13.8
38.73687 33.257 79.846 0.4165 6.8
39.44793 58.836 132.752 0.4432 10.6
41.94764 24.391 65.788 0.3708 6.1
43.95277 39.452 127.407 0.3097 11.3
