# fwhm_typ 0.13048 noise 21.985
2.08898 107.994 688.863 0.1568 35.7
4.23330 165.902 1649.315 0.1006 77.2
4.76954 25.072 176.797 0.1418 8.2
5.34710 29.307 153.018 0.1915 8.3
6.03721 50.876 385.076 0.1321 20.4
6.43532 18.870 66.563 0.2835 5.3
7.61533 32.864 201.686 0.1629 5.5
8.33311 215.591 730.892 0.2950 9.0
8.66463 532.554 3368.793 0.1581 127.4
8.86876 317.728 1374.073 0.2312 22.1
9.16680 483.856 1978.543 0.2446 29.1
9.34946 507.264 2803.653 0.1809 76.8
9.63689 823.956 5356.953 0.1538 252.5
12.18956 339.403 1141.696 0.2973 11.3
12.52048 462.783 1892.081 0.2446 55.9
12.94018 365.847 1333.906 0.2743 33.8
15.23499 134.318 466.574 0.2879 11.0
16.62294 102.449 356.740 0.2872 13.2
16.92841 41.406 179.889 0.2302 6.4
18.05610 44.684 183.236 0.2439 10.4
19.78891 48.924 192.651 0.2540 5.3
20.12262 55.598 189.222 0.2938 9.5
22.04687 30.444 114.435 0.2660 6.6
35.70433 32.312 111.447 0.2899 6.7
