# fwhm_typ 0.22859 noise 45.425
5.54709 8481.386 33302.235 0.2547 841.9
6.89149 193.328 516.713 0.3741 5.6
8.19578 1543.234 5951.098 0.2593 151.7
11.27729 9472.404 18130.134 0.5225 40.1
11.53463 9249.769 37527.043 0.2465 936.8
12.22318 557.813 2380.265 0.2343 27.5
13.51477 962.401 3790.578 0.2539 28.2
14.22878 720.505 3133.523 0.2299 56.0
15.32465 3511.778 10399.511 0.3377 126.7
16.20974 4558.312 12941.607 0.3522 77.9
16.51450 4203.980 15643.289 0.2687 167.7
16.88197 3670.904 8320.785 0.4412 66.4
18.31898 8658.421 39101.769 0.2214 868.8
18.75968 2785.274 9308.722 0.2992 93.4
19.36110 7873.341 13884.404 0.5671 11.7
19.64499 9215.931 30233.339 0.3048 605.4
20.27869 3732.094 15675.900 0.2381 253.3
20.76689 3686.407 10521.614 0.3504 156.9
20.99650 2202.432 6066.006 0.3631 15.5
21.40786 2130.263 4974.559 0.4282 13.5
21.70379 2764.210 9975.201 0.2771 148.5
22.19263 3425.314 8745.342 0.3917 104.7
23.31538 9442.830 29617.210 0.3188 250.7
24.45420 6286.596 14563.784 0.4317 202.3
25.35528 5253.608 15891.135 0.3306 45.6
26.76395 9951.729 31919.597 0.3118 730.8
27.38826 1468.299 3814.258 0.3850 37.8
28.11590 1407.746 3077.078 0.4575 51.6
28.77260 653.320 2051.199 0.3185 21.9
29.37536 1716.765 3131.871 0.5482 61.1
31.00374 1535.216 3825.325 0.4013 81.0
31.33092 804.910 1460.623 0.5511 5.3
32.72842 399.478 1291.096 0.3094 9.8
33.45542 469.032 1541.490 0.3043 19.6
34.89745 872.354 2323.885 0.3754 32.7
35.25152 728.198 1866.799 0.3901 7.2
35.97133 826.995 1819.023 0.4546 39.4
36.64388 380.428 1407.457 0.2703 22.1
37.80629 695.846 1708.644 0.4073 38.9
38.32281 590.084 1480.579 0.3985 17.3
40.41989 784.726 1815.741 0.4322 10.6
41.71948 578.969 1723.552 0.3359 18.4
42.15553 470.548 1019.132 0.4617 8.8
42.62939 295.664 1025.960 0.2882 14.2
44.76465 301.609 692.553 0.4355 6.9
56.00590 475.976 915.113 0.5201 13.4
56.70104 287.182 559.030 0.5137 7.3
67.11547 144.367 307.937 0.4688 8.1
