# fwhm_typ 0.08502 noise 17.699
2.53616 493.164 14500.821 0.0340 854.5
4.24914 122.106 2757.571 0.0443 154.9
4.47600 74.022 1799.642 0.0411 99.8
5.08277 64.537 1607.883 0.0401 90.4
5.38672 56.243 1062.629 0.0529 59.5
5.91261 38.510 1132.325 0.0340 67.8
6.87737 18.843 272.830 0.0691 14.4
7.27630 29.093 384.146 0.0757 19.1
7.67658 190.082 2935.373 0.0648 158.8
7.80341 93.436 1129.391 0.0827 38.7
7.92567 16.925 290.942 0.0582 11.4
8.17163 61.370 603.675 0.1017 21.8
8.36205 232.996 3457.829 0.0674 183.7
8.50292 62.152 387.138 0.1605 5.4
8.71300 64.089 380.161 0.1686 10.7
9.69003 262.571 2794.433 0.0940 128.4
10.53808 298.580 2080.584 0.1435 24.8
10.63447 455.466 2653.883 0.1716 123.6
11.35486 6178.851 69048.298 0.0895 3895.2
12.02759 181.984 963.102 0.1890 28.8
12.80001 2432.551 20415.543 0.1192 1132.3
13.46301 103.102 583.981 0.1766 22.2
14.94990 43.715 233.588 0.1871 10.1
15.89440 174.851 1440.082 0.1214 80.5
17.84686 18.801 95.279 0.1973 5.6
18.81738 438.437 2393.989 0.1831 134.7
20.45061 305.689 2116.435 0.1444 117.3
21.44836 461.918 2646.620 0.1745 149.2
22.25524 295.983 1421.566 0.2082 73.5
22.81719 172.162 900.292 0.1912 44.3
36.73293 82.131 649.650 0.1264 34.1
