# fwhm_typ 0.17398 noise 34.312
5.03351 9.851 141.563 0.0696 5.2
5.33880 55.473 388.212 0.1429 9.0
5.82496 112.076 438.847 0.2554 8.3
6.05232 97.778 452.947 0.2159 9.1
7.71847 176.789 453.946 0.3895 8.4
8.00734 159.629 394.291 0.4049 5.2
8.34474 179.737 439.894 0.4086 6.9
9.75664 4475.811 30786.300 0.1454 896.2
11.30699 69.945 174.790 0.4002 5.2
12.06161 3372.257 24597.172 0.1371 707.9
12.27301 134.421 494.981 0.2716 5.0
12.87183 21.802 313.292 0.0696 6.6
13.45368 1604.944 7972.504 0.2013 200.3
13.81464 1307.299 7660.030 0.1707 168.2
14.32359 4657.261 33225.316 0.1402 949.4
15.40176 2004.017 13000.216 0.1542 368.2
15.79192 128.507 317.784 0.4044 5.1
16.56552 301.417 1481.025 0.2035 29.0
17.08200 3691.300 17165.937 0.2150 511.4
17.35618 2675.879 14645.385 0.1827 246.8
17.88090 189.416 827.707 0.2288 15.9
18.85180 46.106 223.211 0.2066 5.8
19.75417 282.064 1834.717 0.1537 48.6
20.78311 2114.216 11662.705 0.1813 331.1
21.84942 1899.513 11455.093 0.1658 317.6
22.89209 106.830 434.276 0.2460 6.5
23.31912 521.407 1259.421 0.4140 22.1
23.92423 1178.352 5910.911 0.1994 149.0
24.20316 1098.870 2612.307 0.4207 12.4
25.03169 5040.020 21644.952 0.2328 561.4
25.76418 11152.782 49816.524 0.2239 1450.7
26.35389 4115.200 13772.218 0.2988 289.1
27.18019 1660.832 4816.502 0.3448 111.8
28.71487 201.737 1170.341 0.1724 23.6
28.90371 164.881 586.335 0.2812 5.5
29.21632 694.371 4221.860 0.1645 77.1
29.60620 1912.292 5262.748 0.3634 156.5
30.87188 60.247 292.604 0.2059 7.6
31.43011 315.776 880.743 0.3585 24.8
32.23343 41.516 206.701 0.2009 5.8
32.91064 323.769 1717.824 0.1885 51.8
33.84311 271.056 1235.447 0.2194 34.0
34.58593 404.680 1214.118 0.3333 38.4
36.31090 378.049 1461.421 0.2587 43.3
37.68965 154.430 923.684 0.1672 26.4
38.22276 323.903 2294.631 0.1412 65.9
38.58515 244.841 862.766 0.2838 12.0
38.89432 381.472 975.511 0.3910 15.0
40.78219 192.332 758.350 0.2536 12.2
41.10133 379.737 961.891 0.3948 31.4
46.13257 94.519 554.138 0.1706 11.8
46.76338 245.588 813.724 0.3018 23.1
51.48863 325.184 995.639 0.3266 7.0
57.37505 86.486 305.256 0.2833 8.0
68.93626 59.402 176.095 0.3373 5.9
78.87945 55.194 201.137 0.2744 6.6
