# fwhm_typ 0.16662 noise 32.818
2.11402 25.163 131.734 0.1910 6.5
4.45790 25.987 128.411 0.2024 5.4
4.88889 20.410 119.861 0.1703 5.2
5.69980 79.599 403.140 0.1974 14.0
6.50706 88.704 242.861 0.3652 7.5
7.35041 94.258 343.834 0.2741 9.0
8.55012 2841.636 17356.362 0.1637 517.8
9.48474 4745.756 28720.327 0.1652 884.5
10.06381 182.416 481.148 0.3791 9.9
10.87574 4621.932 27979.825 0.1652 854.7
11.48657 4484.261 27486.153 0.1631 809.8
11.88599 1106.663 6961.600 0.1590 166.6
12.39327 907.561 5360.351 0.1693 148.0
13.20595 610.981 2231.943 0.2737 55.0
13.77827 1491.611 7456.917 0.2000 227.5
14.11464 1196.550 7498.338 0.1596 177.8
15.19031 3424.968 16434.389 0.2084 501.5
15.51616 989.877 4636.625 0.2135 21.5
16.53215 1320.782 7327.427 0.1803 181.7
16.94475 2307.657 12842.659 0.1797 311.8
17.32160 2971.469 16825.174 0.1766 495.2
17.56355 1300.131 6199.902 0.2097 54.9
18.13925 1777.105 7060.855 0.2517 194.0
18.37638 1285.606 6589.222 0.1951 100.3
19.07586 3353.264 18743.167 0.1789 568.1
19.90823 1317.436 6121.149 0.2152 153.5
20.50396 1644.084 8680.621 0.1894 241.3
21.06866 269.761 885.721 0.3046 7.2
21.55683 742.156 2601.978 0.2852 14.1
21.81097 464.601 1865.106 0.2491 15.2
22.25030 2058.967 9288.398 0.2217 273.3
23.23287 1337.592 5385.570 0.2484 149.3
23.98680 401.802 1265.007 0.3176 19.6
25.14243 984.408 3481.179 0.2828 12.6
25.62319 182.685 876.026 0.2085 11.4
25.99277 610.082 3250.741 0.1877 89.8
26.51721 625.393 2962.419 0.2111 84.5
27.03882 79.275 412.093 0.1924 8.8
27.81654 466.575 2154.916 0.2165 64.8
29.32128 598.528 2676.465 0.2236 52.4
30.18222 611.250 1959.058 0.3120 62.4
31.51559 238.895 1011.134 0.2363 28.5
31.95279 123.992 344.735 0.3597 8.4
32.77570 549.827 1544.984 0.3559 49.1
34.29309 212.515 885.026 0.2401 23.4
35.03047 319.596 1268.485 0.2520 32.7
35.44687 199.558 825.102 0.2419 17.9
35.90007 309.366 863.728 0.3582 9.3
36.32068 485.977 1912.254 0.2541 57.9
37.44867 250.521 721.782 0.3471 14.9
37.72636 277.494 675.457 0.4108 9.7
41.19329 504.427 1673.482 0.3014 44.1
41.71593 479.116 1460.013 0.3282 30.3
42.93534 440.696 1189.979 0.3703 31.4
43.68111 207.052 645.128 0.3209 14.4
47.64552 138.637 403.718 0.3434 10.5
62.48185 71.598 189.768 0.3773 7.0
