# fwhm_typ 0.15222 noise 24.555
4.78709 236.331 1457.045 0.1622 61.1
7.94723 8.757 143.813 0.0609 5.3
9.59293 856.960 6270.024 0.1367 255.9
10.93259 98.296 652.479 0.1507 27.4
11.62138 170.372 1216.673 0.1400 45.1
12.26975 572.852 4158.190 0.1378 169.2
12.63279 235.275 1661.292 0.1416 54.4
12.95580 322.823 2214.657 0.1458 80.1
14.02624 308.434 2004.626 0.1539 74.6
14.43955 784.009 6067.147 0.1292 243.1
14.84909 294.252 2142.718 0.1373 80.0
15.60215 614.191 4206.808 0.1460 168.4
16.02244 75.813 507.160 0.1495 17.1
16.63190 100.189 594.230 0.1686 22.5
17.39812 1337.941 8558.600 0.1563 346.6
18.15972 227.787 1515.410 0.1503 50.6
18.83097 589.565 2725.008 0.2164 67.6
19.15169 983.842 6275.357 0.1568 248.3
19.70447 415.016 2829.896 0.1467 104.0
20.08734 74.653 537.802 0.1388 18.3
20.60636 213.880 1370.221 0.1561 54.2
20.89580 38.706 312.996 0.1237 9.2
21.21640 187.065 1089.328 0.1717 41.1
22.00131 414.037 1971.894 0.2100 72.4
22.66037 775.518 2801.672 0.2768 23.3
22.88150 1174.316 5803.678 0.2023 232.3
23.42245 215.700 1082.581 0.1992 27.4
24.15085 339.994 1776.197 0.1914 65.9
24.71038 419.332 2403.822 0.1744 91.3
25.79072 631.212 2603.640 0.2424 82.8
26.55154 4214.096 25580.726 0.1647 1021.8
27.23209 347.276 1723.617 0.2015 48.5
28.26522 230.320 632.902 0.3639 22.1
28.68528 122.170 430.042 0.2841 7.4
29.26533 172.104 915.011 0.1881 33.8
29.68218 99.464 347.304 0.2864 13.5
30.55934 200.213 567.557 0.3528 25.2
31.77078 93.992 442.296 0.2125 10.7
32.54678 80.096 281.542 0.2845 11.2
33.22013 47.797 275.972 0.1732 12.0
