# fwhm_typ 0.01802 noise 4.306
1.63134 35.287 3390.490 0.0104 665.2
3.26460 1.049 118.056 0.0089 20.5
3.35538 1.364 119.797 0.0114 23.2
3.64104 34.371 3030.738 0.0113 602.5
4.07310 9.480 827.174 0.0115 163.7
4.61053 24.927 2224.107 0.0112 433.6
4.89793 4.402 481.296 0.0091 83.4
5.22107 12.843 996.492 0.0129 197.4
5.36937 4.480 197.588 0.0227 38.5
5.88185 2.694 144.307 0.0187 23.1
6.00157 11.178 653.352 0.0171 133.3
6.13075 17.876 1049.377 0.0170 217.5
6.27792 57.051 2523.710 0.0226 571.8
6.40870 12.146 684.994 0.0177 137.1
6.51069 25.460 1102.846 0.0231 70.2
6.53177 34.380 2655.544 0.0129 531.0
6.56109 9.862 442.910 0.0223 27.3
6.69463 29.632 1749.450 0.0169 371.8
6.82889 8.506 515.705 0.0165 103.5
6.96743 5.113 265.703 0.0192 54.0
7.06327 2.072 90.015 0.0230 15.5
7.22717 85.099 5372.477 0.0158 1151.8
7.30967 21.433 1166.470 0.0184 217.5
7.50422 2.905 171.907 0.0169 34.2
7.69047 19.350 1063.867 0.0182 230.7
8.00466 3.190 179.625 0.0178 25.0
8.03933 3.382 178.546 0.0189 35.4
8.15126 9.438 525.266 0.0180 109.0
8.21213 7.052 390.540 0.0181 69.6
8.34798 43.476 2239.704 0.0194 495.8
8.55118 1.314 47.114 0.0279 8.9
8.66808 2.152 107.829 0.0200 21.0
8.75661 3.756 179.921 0.0209 32.9
8.85975 17.665 962.469 0.0184 209.5
9.04235 6.130 338.086 0.0181 71.3
9.17120 6.546 318.366 0.0206 54.0
9.22812 9.338 547.952 0.0170 118.0
9.54310 5.363 241.801 0.0222 54.9
9.76670 0.663 38.793 0.0171 5.1
9.82513 2.747 145.542 0.0189 27.2
9.90759 9.103 328.148 0.0277 78.1
9.96779 2.136 62.436 0.0342 6.0
10.01618 5.254 285.346 0.0184 54.5
10.07635 1.489 63.023 0.0236 9.0
10.30682 16.271 771.872 0.0211 173.8
10.44149 10.904 387.077 0.0282 83.6
10.60244 1.695 50.667 0.0334 6.9
10.67603 4.219 223.078 0.0189 47.8
10.74868 3.252 135.256 0.0240 25.5
10.89318 5.489 133.877 0.0410 7.9
10.95079 23.533 631.220 0.0373 148.3
11.23202 3.972 146.323 0.0271 23.6
11.28470 3.834 141.094 0.0272 17.7
11.32254 5.427 145.696 0.0372 35.7
11.35534 3.311 126.158 0.0262 12.8
11.39579 2.377 87.906 0.0270 9.6
11.44338 1.398 52.185 0.0268 6.4
11.52185 2.901 93.938 0.0309 17.0
11.77859 6.162 284.158 0.0217 64.4
11.85170 2.677 125.497 0.0213 21.3
11.89584 2.145 76.485 0.0280 9.7
12.05828 9.386 229.086 0.0410 60.7
12.32141 5.088 143.849 0.0354 33.6
12.48744 4.542 147.412 0.0308 24.7
12.57539 5.495 190.503 0.0288 5.2
12.69015 2.480 99.909 0.0248 13.8
12.74659 5.240 143.800 0.0364 30.2
12.92185 1.193 41.088 0.0290 8.5
13.07573 5.555 144.649 0.0384 34.7
13.21036 1.710 88.624 0.0193 13.5
13.43561 2.904 105.158 0.0276 23.5
13.71207 1.188 48.953 0.0243 9.4
13.85810 3.941 109.773 0.0359 11.4
14.05662 4.024 113.188 0.0355 25.3
14.17176 1.397 43.146 0.0324 7.4
14.28494 2.517 71.246 0.0353 6.0
14.44074 2.149 55.276 0.0389 10.8
14.58586 2.517 62.087 0.0405 13.7
14.63246 2.204 63.534 0.0347 7.6
14.72859 0.746 42.114 0.0177 7.5
14.94919 6.684 179.066 0.0373 43.9
15.52491 1.551 39.105 0.0397 8.0
15.75271 3.399 90.040 0.0378 15.0
15.85209 3.787 121.914 0.0311 29.2
16.49186 0.953 30.486 0.0313 6.5
17.73752 1.030 29.654 0.0347 6.8
17.90667 1.400 33.603 0.0417 6.7
18.02501 4.331 98.289 0.0441 23.5
18.34335 1.013 38.075 0.0266 7.0
