# fwhm_typ 0.16089 noise 10.639
11.09740 53.668 422.727 0.1270 36.8
11.81620 156.019 964.434 0.1618 88.3
12.51137 23.880 165.128 0.1446 13.8
14.25946 96.574 792.331 0.1219 73.6
14.88268 66.826 509.280 0.1312 45.4
15.40346 32.429 245.796 0.1319 22.6
17.12944 103.953 565.370 0.1839 28.9
17.38510 158.286 1069.406 0.1480 99.0
19.29158 84.755 418.225 0.2027 34.3
19.67304 40.959 134.147 0.3053 5.3
20.00160 177.766 886.442 0.2005 79.7
20.63338 117.405 604.684 0.1942 48.9
21.51673 57.545 275.421 0.2089 19.5
22.25647 109.985 470.852 0.2336 42.1
22.97037 24.487 102.367 0.2392 7.0
23.86353 72.724 249.323 0.2917 21.9
25.24135 82.713 435.136 0.1901 39.1
26.46441 37.464 121.154 0.3092 10.6
27.51181 16.695 80.571 0.2072 7.0
28.20962 40.749 119.217 0.3418 10.2
28.80533 49.709 213.043 0.2333 20.2
29.30093 30.172 127.472 0.2367 9.6
31.21421 31.458 84.898 0.3705 8.7
33.72911 14.994 51.941 0.2887 6.5
