# fwhm_typ 0.03491 noise 20.988
1.82792 848.257 38556.051 0.0220 1953.6
3.66390 50.725 2335.625 0.0217 79.7
3.70187 58.120 2985.712 0.0195 137.3
4.10819 97.208 4236.085 0.0229 197.0
4.15486 22.132 1551.001 0.0143 60.1
5.17504 83.315 3301.935 0.0252 155.7
6.58987 22.074 746.026 0.0296 35.0
7.33641 5.363 156.550 0.0343 7.4
7.61288 15.220 437.157 0.0348 20.3
8.22592 46.131 1144.509 0.0403 53.5
8.31923 2.532 136.535 0.0185 5.5
9.17464 38.832 902.772 0.0430 42.4
9.49185 50.289 1539.596 0.0327 71.8
9.84961 116.762 2678.674 0.0436 121.6
10.01153 139.740 4185.697 0.0334 194.9
10.19454 66.431 1576.349 0.0421 70.5
10.51198 11.634 349.038 0.0333 11.6
10.66259 222.722 6017.849 0.0370 279.3
10.82237 153.488 4376.104 0.0351 198.3
11.01602 23.790 285.028 0.0835 8.2
11.41770 2842.742 80927.041 0.0351 3840.4
11.57566 244.039 4573.240 0.0534 183.6
11.72432 233.370 4333.175 0.0539 185.4
11.86960 63.085 1375.953 0.0458 57.6
12.06932 12.761 316.260 0.0404 12.1
12.35949 19.102 240.436 0.0794 5.0
12.49622 14.447 356.110 0.0406 15.7
13.20464 1238.012 21452.620 0.0577 1018.6
13.33407 126.976 1838.296 0.0691 51.8
13.57088 8.766 179.962 0.0487 6.7
14.54322 4.509 140.595 0.0321 6.5
14.87891 12.788 244.119 0.0524 8.2
14.99122 23.711 367.935 0.0644 17.4
15.11920 24.277 362.739 0.0669 14.2
16.18267 50.787 918.402 0.0553 43.6
18.68808 168.051 2568.005 0.0654 121.6
19.14095 6.544 151.030 0.0433 6.0
19.83801 34.558 526.638 0.0656 19.0
19.94977 88.621 2193.508 0.0404 104.1
20.36227 21.199 273.842 0.0774 11.4
20.62069 49.260 598.310 0.0823 26.8
20.88180 124.948 1573.576 0.0794 82.1
21.21520 29.700 478.921 0.0620 21.1
22.21481 34.869 508.793 0.0685 17.4
22.95343 56.830 761.320 0.0746 35.5
23.66630 67.982 780.958 0.0870 36.9
25.78282 9.530 142.578 0.0668 6.8
26.78577 40.854 507.713 0.0805 19.3
27.12949 36.413 528.145 0.0689 23.8
27.59813 27.678 356.751 0.0776 16.2
36.70834 46.919 619.107 0.0758 29.3
