# fwhm_typ 0.02681 noise 31.154
2.41260 236.475 10805.291 0.0219 338.0
2.60068 1.960 174.799 0.0112 5.0
3.03801 9.156 163.525 0.0560 5.6
3.35836 633.313 24111.398 0.0263 763.6
3.95788 2888.118 113010.949 0.0256 3570.4
4.79393 114.369 4836.108 0.0236 151.3
5.76492 21.223 897.699 0.0236 28.1
6.27669 510.807 13234.949 0.0386 419.1
6.72787 273.092 7395.686 0.0369 182.6
6.81335 475.554 19427.326 0.0245 613.7
7.12373 252.869 10938.838 0.0231 314.1
7.25506 769.842 25561.563 0.0301 798.8
7.42594 1066.000 46272.893 0.0230 1431.0
7.69143 32.002 1149.543 0.0278 24.7
7.78603 225.417 9030.046 0.0250 255.7
7.90555 734.287 28396.372 0.0259 890.0
8.06376 202.241 8548.517 0.0237 256.1
8.50690 1411.286 57102.601 0.0247 1786.3
8.71875 28.988 768.264 0.0377 20.2
9.03686 539.503 16010.852 0.0337 250.9
9.09044 1346.493 53934.531 0.0250 1680.9
9.27186 112.300 4121.041 0.0273 114.6
9.42525 371.244 10781.552 0.0344 231.1
9.50179 611.950 15900.229 0.0385 472.4
9.60398 92.201 1918.093 0.0481 32.3
9.68631 181.917 4494.822 0.0405 37.1
9.79060 1380.911 53124.798 0.0260 1646.9
10.10209 186.845 4474.339 0.0418 134.5
10.59202 1067.538 26518.006 0.0403 826.5
11.01174 19.665 418.100 0.0470 8.0
11.20625 675.349 21967.215 0.0307 693.0
11.34355 87.034 2752.733 0.0316 72.8
11.45322 20.790 432.099 0.0481 7.4
11.55066 92.688 2989.100 0.0310 87.9
11.61565 26.962 1041.749 0.0259 20.0
11.83197 304.233 4639.338 0.0656 27.7
11.90707 1614.610 54613.112 0.0296 1734.0
12.00758 98.106 1899.759 0.0516 15.3
12.31839 212.454 3667.594 0.0579 42.2
12.37923 343.226 11374.203 0.0302 356.9
12.51716 149.929 4224.591 0.0355 101.4
12.58949 132.620 2674.887 0.0496 38.1
12.68343 161.402 4275.401 0.0378 126.0
12.97596 218.962 7465.539 0.0293 234.7
13.23752 111.817 2810.200 0.0398 85.9
13.35292 15.922 484.999 0.0328 12.3
13.52944 108.073 3321.093 0.0325 104.4
13.83670 29.032 728.735 0.0398 19.0
13.96945 47.691 838.076 0.0569 27.3
14.07085 14.047 417.613 0.0336 10.0
14.12010 8.800 322.661 0.0273 5.4
14.28051 38.179 1077.418 0.0354 19.2
14.36970 152.084 3169.208 0.0480 111.4
14.42457 174.202 2873.477 0.0606 49.1
14.46986 125.974 2247.366 0.0561 17.1
14.54630 118.866 2548.911 0.0466 44.6
14.62290 86.964 2366.356 0.0367 53.2
14.74804 18.644 401.848 0.0464 10.3
14.87703 99.245 2615.664 0.0379 81.4
15.41233 111.300 2386.304 0.0466 23.1
15.64910 245.036 6760.466 0.0362 219.6
15.84129 46.730 749.211 0.0624 20.1
16.06858 51.685 1092.760 0.0473 24.6
16.16488 67.962 1523.906 0.0446 47.5
16.35483 19.664 446.370 0.0441 6.4
16.44778 178.464 4947.309 0.0361 159.1
16.57763 13.903 366.591 0.0379 8.6
16.74942 41.924 969.823 0.0432 27.4
16.99087 33.116 625.599 0.0529 11.6
17.06488 17.350 458.283 0.0379 9.2
17.13871 19.091 360.147 0.0530 7.1
17.28164 125.164 2898.401 0.0432 58.6
17.57121 108.810 2235.023 0.0487 21.0
17.82283 25.350 520.525 0.0487 15.4
18.11160 29.051 688.066 0.0422 19.7
18.24419 35.034 848.943 0.0413 18.6
18.40442 136.349 3265.557 0.0418 106.0
18.47083 53.494 1084.907 0.0493 10.3
20.21077 50.620 1003.288 0.0505 16.4
20.29323 78.907 1753.806 0.0450 53.5
20.44315 32.363 628.039 0.0515 8.4
20.54206 92.593 2084.985 0.0444 67.1
20.89903 42.946 951.661 0.0451 27.7
21.64560 46.452 915.098 0.0508 17.8
21.72589 59.969 1095.728 0.0547 33.9
21.88301 12.638 232.164 0.0544 6.5
22.52393 27.099 543.608 0.0499 13.6
22.64281 26.847 533.021 0.0504 15.2
24.36129 45.120 856.510 0.0527 24.6
25.90929 26.134 507.141 0.0515 17.3
27.51419 13.582 221.895 0.0612 6.1
28.43603 10.747 230.516 0.0466 5.4
28.51942 10.782 389.043 0.0277 6.5
29.10071 6.124 281.644 0.0217 8.7
29.31782 5.408 184.775 0.0293 5.9
