# fwhm_typ 0.01316 noise 4.508
2.05088 0.553 28.567 0.0194 5.3
3.08998 1.285 150.732 0.0085 25.7
3.30293 9.601 1074.656 0.0089 188.0
3.54390 31.373 3256.620 0.0096 586.0
3.61757 24.517 3236.553 0.0076 511.3
3.81977 7.771 830.102 0.0094 147.4
4.07806 28.504 3622.978 0.0079 594.9
4.35351 1.233 132.904 0.0093 22.3
4.97460 39.054 4074.413 0.0096 629.8
5.00494 65.347 8310.127 0.0079 1358.5
5.26776 1.210 63.009 0.0192 8.2
5.63499 5.568 453.281 0.0123 78.9
5.77489 4.271 184.485 0.0232 18.6
5.81195 19.923 2367.053 0.0084 393.8
5.88924 3.560 195.726 0.0182 30.8
6.11714 4.875 535.656 0.0091 78.8
6.18264 38.622 4160.598 0.0093 727.0
6.35661 3.532 219.063 0.0161 29.1
6.41056 46.310 5013.567 0.0092 876.7
6.60406 50.417 2386.807 0.0211 520.6
6.66959 18.965 1595.521 0.0119 273.0
6.69871 9.323 684.731 0.0136 82.9
6.73283 2.388 170.749 0.0140 19.5
6.84847 3.184 338.467 0.0094 55.7
7.03635 3.412 317.841 0.0107 51.0
7.09156 10.577 768.612 0.0138 149.8
7.13570 3.067 257.134 0.0119 36.8
7.23897 5.013 571.825 0.0088 95.3
7.30621 1.267 110.638 0.0115 17.4
7.38364 4.605 390.462 0.0118 71.1
7.47787 4.704 435.212 0.0108 75.4
7.55377 7.377 738.851 0.0100 108.1
7.60253 69.841 7988.168 0.0087 1375.6
7.67324 5.270 377.598 0.0140 57.5
7.85408 1.589 194.385 0.0082 27.0
7.91980 15.205 1496.242 0.0102 270.4
8.01938 4.246 407.613 0.0104 70.0
8.16145 2.806 254.494 0.0110 42.0
8.21317 3.627 297.091 0.0122 54.8
8.44450 5.930 526.148 0.0113 83.8
8.49500 32.938 3787.581 0.0087 647.8
8.62250 1.046 57.763 0.0181 6.9
8.67036 7.949 681.623 0.0117 126.9
8.71311 1.792 132.719 0.0135 17.9
8.93212 2.333 113.264 0.0206 9.6
8.95913 6.639 631.717 0.0105 116.9
9.00387 3.506 154.402 0.0227 8.5
9.12194 1.091 82.269 0.0133 14.1
9.17630 2.223 228.883 0.0097 39.3
9.30096 0.835 83.566 0.0100 14.1
9.35467 0.882 68.872 0.0128 11.1
9.39797 0.928 57.185 0.0162 7.1
9.44396 8.259 411.664 0.0201 88.7
9.52276 2.230 203.674 0.0109 35.5
9.67736 3.182 346.106 0.0092 59.7
9.71057 3.554 289.171 0.0123 46.0
9.86183 6.635 508.973 0.0130 96.2
9.90448 4.404 269.588 0.0163 42.4
9.95005 3.695 200.947 0.0184 34.8
10.03029 11.626 384.297 0.0303 72.4
10.07179 5.958 535.271 0.0111 100.3
10.26738 8.468 320.136 0.0265 71.8
10.35240 3.285 246.232 0.0133 46.4
10.46198 9.774 445.246 0.0220 96.3
10.54651 1.982 138.989 0.0143 26.3
10.82200 2.507 139.517 0.0180 29.1
10.86565 1.209 72.914 0.0166 10.2
11.04325 0.844 61.054 0.0138 11.8
11.16302 2.699 186.070 0.0145 37.6
11.28530 3.091 174.338 0.0177 35.5
11.44683 2.225 159.399 0.0140 28.2
11.54695 1.054 59.208 0.0178 7.6
11.58459 2.635 137.563 0.0192 24.1
11.64110 8.057 493.863 0.0163 103.3
11.74562 0.529 51.421 0.0103 7.5
11.78544 0.992 53.409 0.0186 10.3
11.98191 1.909 82.135 0.0232 17.4
12.07213 0.396 34.133 0.0116 5.6
12.25371 4.207 290.484 0.0145 56.6
12.31227 2.026 108.187 0.0187 17.1
12.37294 3.358 208.963 0.0161 39.0
12.45388 1.937 83.760 0.0231 10.5
12.56828 3.034 170.477 0.0178 33.7
12.66237 1.876 92.322 0.0203 13.1
12.80875 4.616 363.131 0.0127 71.0
12.97234 2.593 107.083 0.0242 21.7
13.08278 2.114 98.403 0.0215 19.2
13.33926 0.953 40.370 0.0236 5.8
13.42461 3.033 134.436 0.0226 17.9
13.47891 5.849 262.209 0.0223 49.0
13.54453 6.276 324.959 0.0193 68.3
13.74978 1.922 85.204 0.0226 17.2
13.81462 1.342 74.845 0.0179 13.6
13.85807 1.386 45.181 0.0307 6.3
14.03241 2.844 158.247 0.0180 32.1
14.12805 0.996 41.486 0.0240 6.6
14.20748 1.102 53.557 0.0206 10.6
14.30234 0.778 47.899 0.0162 8.2
14.40461 2.482 92.452 0.0268 19.3
14.50981 1.343 60.912 0.0221 7.6
14.56485 3.164 134.019 0.0236 29.6
14.74613 2.595 142.415 0.0182 26.9
14.80133 1.653 83.067 0.0199 14.0
14.85860 1.613 99.530 0.0162 16.8
15.05154 3.564 170.787 0.0209 34.1
15.23877 3.359 210.536 0.0160 42.7
15.34412 1.815 58.933 0.0308 10.9
15.63652 0.889 30.440 0.0292 6.3
15.82542 1.261 43.589 0.0289 10.2
16.29821 2.541 88.306 0.0288 20.2
16.46835 1.224 41.237 0.0297 6.8
16.53038 1.203 50.206 0.0240 9.4
16.67052 1.450 56.457 0.0257 11.7
17.12263 1.808 68.475 0.0264 15.1
17.37107 1.257 40.314 0.0312 6.6
18.41237 0.620 29.158 0.0213 5.4
19.88158 1.444 45.108 0.0320 10.1
20.64408 0.955 38.047 0.0251 5.7
20.82612 0.817 31.267 0.0261 5.7
21.01353 1.106 41.884 0.0264 8.1
21.44429 1.109 46.453 0.0239 9.2
22.42708 1.027 34.711 0.0296 7.2
