# fwhm_typ 0.01200 noise 4.722
2.87897 134.774 24708.876 0.0055 3115.0
3.32194 12.135 2223.082 0.0055 280.2
3.70700 1.739 76.059 0.0229 9.0
3.72362 18.796 3068.164 0.0061 408.0
4.05863 17.749 3190.304 0.0056 152.9
4.07366 30.348 5090.358 0.0060 666.3
4.36800 2.478 127.916 0.0194 19.6
4.38420 41.358 6920.689 0.0060 921.6
4.71618 8.294 1334.857 0.0062 168.3
4.97873 30.030 5256.887 0.0057 551.4
4.99741 57.237 9787.795 0.0058 1273.2
5.48896 3.443 217.742 0.0158 23.3
5.73398 4.657 296.413 0.0157 29.5
5.76497 28.677 4998.640 0.0057 636.5
5.78100 2.586 157.378 0.0164 13.9
5.99759 8.038 1311.168 0.0061 159.2
6.20037 15.970 2265.463 0.0070 294.1
6.22000 15.906 1229.415 0.0129 10.0
6.22962 148.315 24782.137 0.0060 3302.3
6.44403 86.013 10832.970 0.0079 1691.8
6.45419 8.556 703.250 0.0122 15.4
6.60932 11.802 2093.732 0.0056 254.5
6.64571 3.297 211.149 0.0156 26.6
7.04327 5.114 359.293 0.0142 7.4
7.05259 35.603 5848.284 0.0061 778.4
7.06152 5.109 397.918 0.0128 8.3
7.21149 6.147 977.540 0.0063 120.5
7.26750 10.999 1708.609 0.0064 227.2
7.42678 6.197 917.833 0.0068 107.4
7.45123 17.018 2482.241 0.0069 349.9
7.58806 14.883 2448.585 0.0061 314.1
7.63238 30.065 4705.236 0.0064 644.6
7.81949 12.535 1791.723 0.0070 253.3
7.96331 17.735 2772.918 0.0064 378.7
8.12239 1.869 142.250 0.0131 13.7
8.15226 8.723 1293.948 0.0067 178.5
8.32779 5.453 869.806 0.0063 114.1
8.62001 4.948 742.627 0.0067 102.3
8.64309 3.162 516.947 0.0061 61.9
8.77568 0.805 43.703 0.0184 5.2
8.95204 0.752 74.808 0.0101 6.0
8.96862 0.997 77.543 0.0129 11.8
9.06670 1.005 106.456 0.0094 11.8
9.08718 1.568 194.839 0.0080 24.9
9.11831 7.144 503.861 0.0142 97.4
9.26379 1.435 206.121 0.0070 28.0
9.28104 0.947 105.193 0.0090 8.8
9.44027 5.498 754.466 0.0073 112.0
9.58415 1.344 206.736 0.0065 28.2
9.68869 2.794 474.944 0.0059 61.8
9.71346 1.448 166.566 0.0087 24.1
9.86271 2.838 120.228 0.0236 26.4
9.92053 0.754 101.808 0.0074 11.7
9.94743 2.361 336.967 0.0070 40.7
9.96584 2.462 299.783 0.0082 32.9
9.99655 5.796 736.824 0.0079 112.8
10.11033 0.574 88.140 0.0065 11.9
10.19789 0.834 133.508 0.0062 18.1
10.25164 1.508 209.563 0.0072 30.9
10.35512 2.834 385.296 0.0074 58.0
10.39756 2.634 210.544 0.0125 36.6
10.59918 2.369 319.635 0.0074 48.5
10.88866 0.614 69.130 0.0089 10.9
10.98942 1.698 270.566 0.0063 35.7
11.03932 2.509 310.411 0.0081 47.9
11.14322 1.609 62.263 0.0258 11.8
11.19008 0.962 88.342 0.0109 13.8
11.26497 8.232 1207.081 0.0068 173.1
11.28063 3.778 384.798 0.0098 20.4
11.30793 1.090 98.658 0.0110 10.9
11.36319 0.756 88.500 0.0085 12.4
11.48125 2.007 253.774 0.0079 37.0
11.53224 2.084 272.215 0.0077 39.0
11.55214 1.833 129.547 0.0141 13.7
11.66303 6.813 975.854 0.0070 142.5
11.81817 1.920 271.927 0.0071 37.5
11.90030 5.086 623.194 0.0082 96.1
11.97545 1.555 188.223 0.0083 26.6
12.01107 1.522 198.825 0.0077 27.7
12.13294 3.089 364.696 0.0085 53.9
12.16146 4.960 223.373 0.0222 36.6
12.20670 1.521 112.941 0.0135 15.4
12.24167 4.901 641.217 0.0076 97.3
12.26517 2.216 163.071 0.0136 21.2
12.32754 0.592 53.291 0.0111 7.1
12.41799 2.239 274.227 0.0082 40.9
12.47731 0.996 78.356 0.0127 9.2
12.50857 3.180 458.266 0.0069 65.1
12.53437 2.582 367.311 0.0070 47.6
12.58650 1.304 150.870 0.0086 21.7
12.79072 0.860 88.047 0.0098 10.2
12.83856 1.722 203.955 0.0084 27.7
12.88597 6.891 327.397 0.0210 66.7
12.90986 3.613 383.600 0.0094 49.9
13.00299 0.878 85.719 0.0102 12.4
13.15652 7.254 505.784 0.0143 95.1
13.24026 3.476 386.513 0.0090 59.7
13.31376 0.614 54.134 0.0113 7.4
13.38805 0.608 50.045 0.0122 7.1
13.44969 0.664 53.965 0.0123 7.2
13.49901 2.489 310.603 0.0080 47.0
13.52248 1.251 120.191 0.0104 15.2
13.55297 1.849 183.630 0.0101 26.2
13.58195 0.693 58.012 0.0119 6.5
13.75629 1.480 98.937 0.0150 14.8
13.78256 1.369 150.294 0.0091 22.9
13.84885 0.794 81.846 0.0097 11.3
13.92347 1.008 92.100 0.0109 10.8
13.95357 2.735 309.077 0.0089 49.1
14.00608 4.314 230.567 0.0187 43.5
14.27686 0.562 41.825 0.0134 6.4
14.35672 0.627 72.222 0.0087 9.3
14.41016 1.484 155.204 0.0096 17.4
14.43660 3.540 274.113 0.0129 50.5
14.47266 1.497 160.980 0.0093 21.3
14.56375 1.019 104.737 0.0097 15.6
14.64428 1.101 98.529 0.0112 8.7
14.66452 1.934 177.861 0.0109 29.5
14.72762 3.422 132.353 0.0259 27.2
14.76593 1.187 118.555 0.0100 14.0
14.84835 0.688 68.017 0.0101 10.8
14.88325 0.484 35.930 0.0135 5.3
14.97548 1.834 84.601 0.0217 16.7
15.00978 1.023 100.108 0.0102 13.9
15.09162 0.505 45.476 0.0111 7.4
15.18242 0.407 38.775 0.0105 5.0
15.27094 0.497 36.193 0.0137 6.0
15.36675 0.635 68.226 0.0093 10.0
15.42637 1.139 110.229 0.0103 16.8
15.46216 1.416 168.281 0.0084 26.4
15.67464 0.686 62.903 0.0109 10.0
15.71396 0.694 80.133 0.0087 13.0
15.96412 1.009 96.629 0.0104 16.8
15.99851 1.320 77.745 0.0170 12.5
16.10386 0.930 45.024 0.0206 5.1
16.12560 0.737 61.792 0.0119 10.4
16.23391 0.463 35.718 0.0130 6.4
16.76847 0.367 36.332 0.0101 5.3
17.05274 0.627 69.779 0.0090 11.6
17.36502 0.521 36.066 0.0144 5.4
17.42238 1.481 114.618 0.0129 21.3
17.50635 0.479 39.552 0.0121 5.9
17.57641 0.842 66.580 0.0126 5.5
17.59410 1.367 72.740 0.0188 14.9
17.71385 0.518 32.134 0.0161 5.7
17.98926 0.461 36.990 0.0125 6.5
18.18691 0.962 68.279 0.0141 12.4
18.29777 0.875 79.878 0.0110 13.9
18.47004 0.441 36.136 0.0122 6.3
19.15083 0.418 32.679 0.0128 6.0
19.82769 0.609 45.338 0.0134 6.1
20.02667 0.668 65.073 0.0103 11.4
20.16769 0.550 45.570 0.0121 7.5
20.68302 0.591 46.805 0.0126 8.2
21.35740 0.729 42.945 0.0170 8.5
21.87662 0.819 50.041 0.0164 9.7
22.17786 0.636 30.001 0.0212 5.4
22.34710 0.467 34.063 0.0137 5.8
22.63927 0.543 27.739 0.0196 5.0
