# fwhm_typ 0.14271 noise 20.895
2.48434 78.989 236.199 0.3344 6.1
2.68072 73.755 223.288 0.3303 5.2
3.41369 52.197 236.623 0.2206 6.4
3.74732 81.793 253.512 0.3226 6.1
4.12097 85.528 251.389 0.3402 5.3
5.33230 359.904 1903.704 0.1891 90.9
9.83600 1133.270 8236.467 0.1376 400.9
10.75158 174.874 1017.545 0.1719 45.2
11.86861 162.062 1217.979 0.1331 57.6
12.91471 58.204 257.411 0.2261 8.1
13.61375 2690.200 19484.936 0.1381 937.0
14.26607 102.573 827.598 0.1239 38.9
15.38196 1288.019 8921.469 0.1444 357.2
15.82349 4122.147 30624.316 0.1346 1455.9
16.22020 1403.743 8297.122 0.1692 332.2
17.17334 591.840 4245.921 0.1394 201.3
17.89181 393.005 1728.676 0.2273 87.6
18.39052 125.223 752.693 0.1664 33.2
19.00676 214.562 1184.917 0.1811 51.4
19.49681 90.948 260.230 0.3495 5.2
19.80284 1829.872 12656.661 0.1446 591.5
20.15635 574.790 3289.364 0.1747 78.5
21.40301 676.886 4284.165 0.1580 145.1
21.75981 2019.221 12889.155 0.1567 607.8
22.17689 848.423 4922.257 0.1724 119.4
22.39293 1146.156 7096.613 0.1615 308.5
22.89033 1043.549 7064.371 0.1477 313.1
23.23296 283.439 857.014 0.3307 7.4
23.48204 549.998 2021.905 0.2720 70.5
24.10772 144.932 635.680 0.2280 19.8
24.43994 358.290 1596.696 0.2244 37.7
24.78984 1336.106 8766.203 0.1524 403.9
25.10287 82.179 466.766 0.1761 9.0
25.60084 1580.246 6301.798 0.2508 280.1
26.05824 169.912 1004.833 0.1691 36.9
26.74166 392.194 1461.775 0.2683 10.0
26.96388 1423.281 7324.909 0.1943 345.2
27.89088 308.206 1077.617 0.2860 17.2
28.14659 277.329 1279.686 0.2167 38.6
28.45698 760.779 4639.075 0.1640 214.2
28.83378 318.866 1569.225 0.2032 64.1
29.02408 210.001 863.009 0.2433 10.2
29.63853 335.742 2074.041 0.1619 86.2
30.34733 229.653 1174.409 0.1955 43.2
30.84454 393.881 1846.914 0.2133 50.5
31.11143 625.000 3797.922 0.1646 177.2
31.57675 215.688 955.924 0.2256 24.0
32.05448 456.724 1863.939 0.2450 11.4
32.55916 163.534 691.730 0.2364 23.7
32.93442 181.811 761.445 0.2388 33.1
33.26065 144.404 692.620 0.2085 23.9
33.84208 13.037 88.462 0.1474 5.8
35.40499 441.685 2194.542 0.2013 102.5
36.13622 367.680 1547.536 0.2376 67.9
36.97409 167.557 650.357 0.2576 6.2
37.58288 245.161 908.898 0.2697 43.0
38.17130 55.277 323.026 0.1711 13.0
38.64019 93.422 465.544 0.2007 20.0
39.24478 105.417 386.220 0.2729 15.0
39.69363 101.038 437.736 0.2308 10.3
39.95996 128.495 557.988 0.2303 27.0
40.66435 96.641 447.680 0.2159 17.9
42.15427 43.469 215.966 0.2013 5.9
42.48988 207.846 912.031 0.2279 37.7
43.25343 139.423 619.765 0.2250 26.0
43.68636 96.042 343.062 0.2800 8.8
46.80542 216.182 974.355 0.2219 48.0
47.50064 82.645 376.528 0.2195 14.4
48.73553 174.818 679.018 0.2575 33.6
49.18763 116.038 327.042 0.3548 10.5
49.78141 81.370 269.416 0.3020 11.5
51.51903 37.151 162.636 0.2284 8.5
52.19766 108.841 413.463 0.2632 16.4
53.46232 145.103 444.506 0.3264 21.1
55.09120 50.471 176.028 0.2867 7.2
55.52205 81.326 293.109 0.2775 8.7
55.92427 159.576 462.049 0.3454 24.8
58.01531 39.603 156.091 0.2537 6.6
61.41544 41.021 134.607 0.3047 7.1
67.95576 40.134 113.386 0.3540 6.7
92.82623 14.411 74.555 0.1933 5.0
