# fwhm_typ 0.20473 noise 41.270
5.86168 530.574 2478.298 0.2141 25.9
6.91398 6470.807 24368.283 0.2655 664.6
7.93964 2439.399 11939.966 0.2043 264.6
9.12544 3220.054 16122.136 0.1997 389.1
9.78454 38.886 153.898 0.2527 5.7
11.26319 5686.289 14655.339 0.3880 378.3
12.54874 979.416 3607.358 0.2715 80.5
12.88873 505.295 1688.738 0.2992 14.3
13.90474 1742.523 8978.042 0.1941 186.6
14.32937 800.983 2887.685 0.2774 22.7
14.78844 1606.109 7259.018 0.2213 137.0
15.38029 2491.684 11841.589 0.2104 222.1
15.92347 3644.138 16844.202 0.2163 412.3
16.18504 1008.440 3738.388 0.2698 13.2
17.56722 655.685 1910.626 0.3432 13.8
18.21190 4675.883 18627.053 0.2510 375.8
18.82780 5369.112 23761.039 0.2260 556.8
19.65742 2231.832 8279.028 0.2696 167.3
20.63941 9737.144 47612.857 0.2045 1140.1
22.20508 4045.526 8921.782 0.4534 128.2
22.81670 5736.082 24224.130 0.2368 579.8
23.39107 1124.182 3587.147 0.3134 24.9
23.96432 1546.818 5911.625 0.2617 108.2
24.71687 1837.444 5520.492 0.3328 53.7
25.09602 2947.066 8022.748 0.3673 45.3
25.96265 800.290 3136.462 0.2552 50.4
26.79024 815.320 2039.862 0.3997 6.3
27.37367 687.104 2544.209 0.2701 33.3
27.80318 532.617 1485.074 0.3586 22.8
28.41177 1754.850 4771.510 0.3678 107.4
29.11458 735.702 2573.269 0.2859 43.9
29.42842 411.324 1619.157 0.2540 12.8
29.82283 340.729 1384.719 0.2461 21.3
30.67423 974.331 3944.659 0.2470 95.6
31.19772 633.547 1858.799 0.3408 23.0
31.99045 310.771 926.292 0.3355 20.3
32.80724 258.769 748.004 0.3459 18.1
33.30592 444.767 1523.423 0.2920 37.1
34.05942 248.705 872.975 0.2849 20.5
35.69813 548.208 1242.734 0.4411 16.7
36.81560 452.479 1646.545 0.2748 39.9
37.06444 280.260 793.956 0.3530 7.3
37.98663 67.220 262.939 0.2556 5.1
38.76129 232.919 588.691 0.3957 16.6
39.68699 246.648 829.989 0.2972 18.9
41.74518 23.218 198.403 0.1170 5.1
42.16163 247.432 712.147 0.3474 17.5
42.97139 350.929 882.887 0.3975 19.7
44.27194 488.120 1395.217 0.3499 21.2
46.13419 510.595 1076.890 0.4741 24.4
48.05335 78.157 296.943 0.2632 6.4
49.57546 88.394 351.246 0.2517 5.3
50.34223 107.539 321.351 0.3346 5.2
51.02978 137.702 353.048 0.3900 9.0
53.63389 78.958 245.725 0.3213 5.5
55.37511 27.064 185.664 0.1458 5.3
56.01040 123.124 253.898 0.4849 6.2
59.41401 79.782 202.962 0.3931 6.1
68.68233 74.632 159.491 0.4679 5.4
