# fwhm_typ 0.02456 noise 40.030
4.47911 311.897 14169.620 0.0220 348.1
5.97412 247.808 10958.602 0.0226 266.6
6.94722 350.230 10416.647 0.0336 190.7
7.02365 793.884 34837.906 0.0228 849.9
7.18269 211.486 9349.377 0.0226 223.6
7.47076 86.891 3749.215 0.0232 87.1
7.70581 2585.804 105890.676 0.0244 2590.2
8.06082 784.315 34143.569 0.0230 666.9
8.12482 1485.630 62840.642 0.0236 1510.2
8.32415 238.324 5718.101 0.0417 62.0
8.47014 2054.690 88153.676 0.0233 2122.8
8.78496 88.741 2212.342 0.0401 23.7
8.91685 96.628 3785.759 0.0255 66.5
8.96726 137.918 5524.084 0.0250 117.6
9.40929 372.046 15787.443 0.0236 374.3
9.63611 39.366 1530.306 0.0257 30.9
9.92686 129.339 5866.056 0.0220 141.9
10.26793 179.223 6395.271 0.0280 146.8
10.32037 69.782 2089.173 0.0334 24.3
10.47979 733.626 30503.556 0.0241 727.4
10.63087 324.201 12740.945 0.0254 289.2
10.80087 464.155 17324.339 0.0268 405.7
11.05351 666.378 23583.173 0.0283 559.0
11.35782 381.672 14424.510 0.0265 338.7
11.69523 1126.413 40409.711 0.0279 989.6
11.90873 83.207 2517.156 0.0331 55.7
12.12513 122.367 3770.881 0.0325 89.6
12.25205 172.956 7507.435 0.0230 180.6
12.48447 398.605 14265.822 0.0279 348.3
12.80798 160.861 5978.611 0.0269 119.7
12.88566 311.563 7110.052 0.0438 47.4
13.39615 92.311 3164.856 0.0292 69.5
13.90947 321.756 7328.450 0.0439 174.1
14.16559 77.766 2841.844 0.0274 65.3
14.39396 73.796 2040.950 0.0362 47.2
14.95011 33.090 1230.099 0.0269 28.3
15.14298 38.111 1172.810 0.0325 28.1
15.21545 32.847 1065.163 0.0308 20.8
15.43847 96.710 2895.433 0.0334 69.2
15.50347 98.700 2573.085 0.0384 46.7
15.99320 162.606 4196.254 0.0388 91.3
16.16858 158.302 5034.867 0.0314 120.4
16.48073 35.587 1058.928 0.0336 22.5
16.67739 124.723 2623.958 0.0475 60.1
16.86819 68.048 1564.768 0.0435 28.0
16.98606 208.166 6630.237 0.0314 161.5
17.22424 170.146 3160.080 0.0538 21.1
17.26341 209.472 7013.574 0.0299 172.9
17.87739 83.522 1645.117 0.0508 40.3
18.14058 40.516 1078.113 0.0376 26.4
18.44449 129.869 3005.503 0.0432 76.4
18.49805 79.664 1908.681 0.0417 21.4
18.88070 44.407 992.610 0.0447 23.2
19.65772 43.456 1261.906 0.0344 28.8
19.92975 53.951 1634.339 0.0330 39.1
20.36049 57.413 1653.169 0.0347 40.5
21.33552 65.337 1598.139 0.0409 39.5
21.79607 34.801 1040.833 0.0334 25.3
22.22110 40.990 891.991 0.0460 22.1
25.25688 36.063 887.989 0.0406 21.9
