# fwhm_typ 0.02456 noise 40.030
2.98303 12.018 195.768 0.0614 6.0
3.47475 19.862 488.492 0.0407 12.7
4.47911 311.897 14169.620 0.0220 348.1
5.33934 7.563 323.927 0.0233 7.8
5.97412 247.808 10958.602 0.0226 266.6
6.94722 350.230 10416.647 0.0336 190.7
6.97192 313.715 7671.789 0.0409 44.0
7.02365 793.884 34837.906 0.0228 849.9
7.18269 211.486 9349.377 0.0226 223.6
7.41138 18.711 727.402 0.0257 12.7
7.47076 86.891 3749.215 0.0232 87.1
7.70581 2585.804 105890.676 0.0244 2590.2
8.06082 784.315 34143.569 0.0230 666.9
8.12482 1485.630 62840.642 0.0236 1510.2
8.32415 238.324 5718.101 0.0417 62.0
8.47014 2054.690 88153.676 0.0233 2122.8
8.78496 88.741 2212.342 0.0401 23.7
8.91685 96.628 3785.759 0.0255 66.5
8.96726 137.918 5524.084 0.0250 117.6
9.18797 24.032 672.080 0.0358 11.3
9.40929 372.046 15787.443 0.0236 374.3
9.63611 39.366 1530.306 0.0257 30.9
9.92686 129.339 5866.056 0.0220 141.9
10.26793 179.223 6395.271 0.0280 146.8
10.32037 69.782 2089.173 0.0334 24.3
10.47979 733.626 30503.556 0.0241 727.4
10.59218 123.278 3128.615 0.0394 11.6
10.63087 324.201 12740.945 0.0254 289.2
10.80087 464.155 17324.339 0.0268 405.7
10.97260 116.908 2105.012 0.0555 17.5
11.05351 666.378 23583.173 0.0283 559.0
11.35782 381.672 14424.510 0.0265 338.7
11.69523 1126.413 40409.711 0.0279 989.6
11.90873 83.207 2517.156 0.0331 55.7
11.96380 21.543 604.246 0.0357 6.9
12.08096 50.974 1378.844 0.0370 9.3
12.12513 122.367 3770.881 0.0325 89.6
12.25205 172.956 7507.435 0.0230 180.6
12.48447 398.605 14265.822 0.0279 348.3
12.80798 160.861 5978.611 0.0269 119.7
12.88566 311.563 7110.052 0.0438 47.4
13.39615 92.311 3164.856 0.0292 69.5
13.51895 36.862 781.863 0.0471 12.4
13.90947 321.756 7328.450 0.0439 174.1
14.16559 77.766 2841.844 0.0274 65.3
14.39396 73.796 2040.950 0.0362 47.2
14.82723 22.884 728.866 0.0314 15.2
14.95011 33.090 1230.099 0.0269 28.3
15.14298 38.111 1172.810 0.0325 28.1
15.21545 32.847 1065.163 0.0308 20.8
15.43847 96.710 2895.433 0.0334 69.2
15.50347 98.700 2573.085 0.0384 46.7
15.54367 72.410 1355.407 0.0534 7.2
15.85126 64.742 1121.520 0.0577 14.8
15.99320 162.606 4196.254 0.0388 91.3
16.16858 158.302 5034.867 0.0314 120.4
16.28146 57.318 987.605 0.0580 12.7
16.48073 35.587 1058.928 0.0336 22.5
16.67739 124.723 2623.958 0.0475 60.1
16.79000 30.725 942.496 0.0326 17.5
16.86819 68.048 1564.768 0.0435 28.0
16.98606 208.166 6630.237 0.0314 161.5
17.22424 170.146 3160.080 0.0538 21.1
17.26341 209.472 7013.574 0.0299 172.9
17.61426 13.191 223.502 0.0590 6.1
17.87739 83.522 1645.117 0.0508 40.3
17.99637 13.083 573.088 0.0228 13.1
18.14058 40.516 1078.113 0.0376 26.4
18.25096 9.452 294.381 0.0321 6.7
18.44449 129.869 3005.503 0.0432 76.4
18.49805 79.664 1908.681 0.0417 21.4
18.61058 21.474 520.020 0.0413 7.5
18.88070 44.407 992.610 0.0447 23.2
19.13079 32.795 605.333 0.0542 11.0
19.44595 32.434 639.644 0.0507 13.1
19.65772 43.456 1261.906 0.0344 28.8
19.77639 20.921 696.414 0.0300 15.9
19.92975 53.951 1634.339 0.0330 39.1
20.36049 57.413 1653.169 0.0347 40.5
20.42013 17.737 513.415 0.0345 6.0
21.33552 65.337 1598.139 0.0409 39.5
21.79607 34.801 1040.833 0.0334 25.3
22.03126 8.408 265.081 0.0317 6.2
22.22110 40.990 891.991 0.0460 22.1
22.64297 27.844 667.656 0.0417 16.1
22.82562 29.948 624.498 0.0480 13.4
23.25158 50.548 898.721 0.0562 13.7
24.28642 21.160 385.311 0.0549 9.0
24.49563 21.757 393.942 0.0552 8.1
24.63798 18.945 440.344 0.0430 9.7
25.25688 36.063 887.989 0.0406 21.9
25.59868 14.597 261.979 0.0557 6.6
27.04724 21.874 430.687 0.0508 11.0
