# fwhm_typ 0.02456 noise 40.030
2.98303 12.018 195.768 0.0614 6.0
3.47475 19.862 488.492 0.0407 12.7
4.47911 311.897 14169.620 0.0220 348.1
5.33934 7.563 323.927 0.0233 7.8
5.97412 247.808 10958.602 0.0226 266.6
6.94722 350.230 10416.647 0.0336 190.7
6.97192 313.715 7671.789 0.0409 44.0
7.02365 793.884 34837.906 0.0228 849.9
7.18269 211.486 9349.377 0.0226 223.6
7.41138 18.711 727.402 0.0257 12.7
7.47076 86.891 3749.215 0.0232 87.1
7.70581 2585.804 105890.676 0.0244 2590.2
8.06082 784.315 34143.569 0.0230 666.9
8.12482 1485.630 62840.642 0.0236 1510.2
8.32415 238.324 5718.101 0.0417 62.0
8.47014 2054.690 88153.676 0.0233 2122.8
8.78496 88.741 2212.342 0.0401 23.7
8.91685 96.628 3785.759 0.0255 66.5
8.96726 137.918 5524.084 0.0250 117.6
9.18797 24.032 672.080 0.0358 11.3
9.40929 372.046 15787.443 0.0236 374.3
9.63611 39.366 1530.306 0.0257 30.9
9.92686 129.339 5866.056 0.0220 141.9
10.26793 179.223 6395.271 0.0280 146.8
10.32037 69.782 2089.173 0.0334 24.3
10.47979 733.626 30503.556 0.0241 727.4
10.59218 123.278 3128.615 0.0394 11.6
10.63087 324.201 12740.945 0.0254 289.2
10.80087 464.155 17324.339 0.0268 405.7
