# fwhm_typ 0.04842 noise 48.786
4.94324 776.306 14517.774 0.0535 287.3
5.27666 255.571 5176.449 0.0494 87.8
6.68987 1499.712 35431.562 0.0423 738.8
6.82157 734.688 10545.112 0.0697 115.6
6.92699 566.612 12277.923 0.0461 196.7
7.08931 156.673 3424.250 0.0458 63.6
7.71343 3126.802 61964.109 0.0505 1257.6
9.40747 1195.030 16905.660 0.0707 261.5
9.71225 2437.626 43821.664 0.0556 748.2
10.35611 5915.665 100367.584 0.0589 2009.4
10.49359 4663.083 91037.946 0.0512 1554.6
10.59353 2483.640 47297.088 0.0525 559.1
11.58192 1058.232 24244.466 0.0436 418.1
11.72950 2112.741 36649.517 0.0576 706.3
12.27544 398.295 9040.452 0.0441 175.5
12.57872 307.093 7758.912 0.0396 146.9
12.88504 2145.663 33062.518 0.0649 644.8
13.12384 135.450 1630.997 0.0830 21.6
13.41145 2082.307 50637.066 0.0411 997.2
13.50150 1330.024 14286.953 0.0931 96.9
13.68830 710.237 5969.879 0.1190 69.5
13.85541 801.876 15702.380 0.0511 303.3
14.85685 350.987 5418.746 0.0648 43.6
14.95039 809.012 8165.352 0.0991 159.6
15.06296 411.265 4554.406 0.0903 12.1
15.38858 268.791 3117.218 0.0862 49.9
16.05984 224.421 4810.262 0.0467 84.1
16.45042 131.768 1739.097 0.0758 33.8
16.86673 144.474 2215.173 0.0652 37.7
16.98227 73.252 1088.785 0.0673 14.8
17.10775 172.880 2441.251 0.0708 23.2
17.29078 200.756 2832.286 0.0709 32.4
17.78179 519.753 8473.503 0.0613 176.6
17.88585 108.653 1527.218 0.0711 14.7
18.04730 392.974 3497.476 0.1124 55.2
18.43533 60.306 1060.578 0.0569 21.0
18.90087 271.961 2833.992 0.0960 55.3
19.27492 671.409 7645.737 0.0878 169.3
19.70974 155.287 1846.546 0.0841 9.5
20.17954 193.768 4625.982 0.0419 84.4
20.52019 283.433 5128.166 0.0553 106.6
20.80856 39.532 586.347 0.0674 11.0
21.12621 128.537 1919.505 0.0670 19.5
21.64867 191.479 1689.808 0.1133 31.2
22.02820 194.591 3019.409 0.0644 61.6
23.29573 247.762 4358.081 0.0569 72.5
23.53250 306.665 5129.724 0.0598 111.4
24.40775 155.340 1927.190 0.0806 5.7
25.07225 108.810 1919.608 0.0567 35.2
25.42410 79.252 1380.333 0.0574 24.3
25.59788 46.736 662.503 0.0705 9.9
26.15197 93.978 1026.550 0.0915 14.0
26.34617 33.930 454.651 0.0746 5.7
26.67098 30.752 470.266 0.0654 7.7
27.01984 135.387 3033.525 0.0446 64.2
27.74593 168.576 1398.362 0.1206 29.7
28.79542 38.640 394.173 0.0980 6.2
29.38017 61.186 707.351 0.0865 14.5
30.56209 34.102 341.820 0.0998 7.1
30.97885 25.272 659.863 0.0383 13.5
31.59745 65.766 1042.364 0.0631 23.3
32.44378 42.003 856.115 0.0491 17.2
32.56332 67.293 663.674 0.1014 6.4
32.66813 53.264 682.598 0.0780 9.0
33.21497 42.462 580.256 0.0732 11.8
33.95747 63.433 1018.674 0.0623 21.6
36.79113 23.116 278.408 0.0830 6.3
37.88119 28.141 445.825 0.0631 9.4
41.02665 58.736 946.155 0.0621 19.8
43.75661 25.041 308.710 0.0811 5.6
