# fwhm_typ 0.06798 noise 20.155
2.21378 330.852 9233.345 0.0358 465.6
3.86766 207.446 2846.031 0.0729 149.2
4.43923 7.696 165.916 0.0464 8.1
4.94087 103.308 2649.163 0.0390 130.8
6.62323 16.119 355.511 0.0453 17.5
7.72169 36.543 452.986 0.0807 21.7
8.58096 95.153 1085.842 0.0876 49.6
9.56022 135.056 2049.729 0.0659 92.3
10.08411 84.029 982.298 0.0855 33.5
10.30861 272.163 4131.028 0.0659 180.8
10.55983 538.838 4384.167 0.1229 214.7
11.42564 2876.575 47287.435 0.0608 2338.2
12.72521 173.228 1303.890 0.1329 53.0
13.26975 732.205 8293.210 0.0883 400.1
13.74074 21.020 283.662 0.0741 8.2
14.12672 25.984 210.665 0.1233 7.2
16.22755 43.323 514.127 0.0843 25.2
18.65775 191.033 1503.557 0.1271 74.3
19.55153 18.575 153.766 0.1208 6.1
19.86296 106.951 936.365 0.1142 46.2
20.41755 29.475 258.960 0.1138 11.5
20.73221 37.937 288.030 0.1317 9.4
21.01196 66.336 580.190 0.1143 26.2
22.05768 87.784 673.055 0.1304 32.8
22.96410 44.701 380.900 0.1174 18.1
36.76149 38.031 290.677 0.1308 14.2
