# columns: two_theta_deg intensity sigma
5.00000 8648 92.9946
5.02000 8818 93.9042
5.04000 8757 93.5788
5.06000 8714 93.3488
5.08000 8452 91.9348
5.10000 8636 92.9301
5.12000 8405 91.6788
5.14000 8588 92.6715
5.16000 8648 92.9946
5.18000 8573 92.5905
5.20000 8701 93.2792
5.22000 8711 93.3327
5.24000 8654 93.0269
5.26000 8716 93.3595
5.28000 8741 93.4933
5.30000 8642 92.9624
5.32000 8776 93.6803
5.34000 8938 94.541
5.36000 8855 94.101
5.38000 8657 93.043
5.40000 8719 93.3756
5.42000 8530 92.358
5.44000 8616 92.8224
5.46000 8667 93.0967
5.48000 8813 93.8776
5.50000 8623 92.8601
5.52000 8651 93.0108
5.54000 8720 93.3809
5.56000 8605 92.7631
5.58000 8635 92.9247
5.60000 8668 93.1021
5.62000 8636 92.9301
5.64000 8526 92.3363
5.66000 8718 93.3702
5.68000 8577 92.6121
5.70000 8731 93.4398
5.72000 8572 92.5851
5.74000 8603 92.7524
5.76000 8804 93.8296
5.78000 8886 94.2656
5.80000 8908 94.3822
5.82000 8632 92.9086
5.84000 8801 93.8136
5.86000 8853 94.0904
5.88000 8742 93.4987
5.90000 8455 91.9511
5.92000 8745 93.5147
5.94000 8608 92.7793
5.96000 8657 93.043
5.98000 8683 93.1826
6.00000 8541 92.4175
6.02000 8802 93.819
6.04000 8860 94.1276
6.06000 8845 94.0479
6.08000 8622 92.8547
6.10000 8745 93.5147
6.12000 8676 93.145
6.14000 8581 92.6337
6.16000 8700 93.2738
6.18000 8494 92.1629
6.20000 8560 92.5203
6.22000 8734 93.4559
6.24000 8655 93.0323
6.26000 8720 93.3809
6.28000 8638 92.9408
6.30000 8749 93.5361
6.32000 8732 93.4452
6.34000 8689 93.2148
6.36000 8728 93.4238
6.38000 8711 93.3327
6.40000 8747 93.5254
6.42000 8580 92.6283
6.44000 8615 92.817
6.46000 8697 93.2577
6.48000 8803 93.8243
6.50000 8600 92.7362
6.52000 8707 93.3113
6.54000 8717 93.3649
6.56000 8668 93.1021
6.58000 8593 92.6984
6.60000 8527 92.3418
6.62000 8504 92.2171
6.64000 8411 91.7115
6.66000 8650 93.0054
6.68000 8549 92.4608
6.70000 8475 92.0598
6.72000 8541 92.4175
6.74000 8594 92.7038
6.76000 8656 93.0376
6.78000 8581 92.6337
6.80000 8604 92.7577
6.82000 8626 92.8763
6.84000 8556 92.4986
6.86000 8589 92.6769
6.88000 8602 92.747
6.90000 8688 93.2094
6.92000 8486 92.1195
6.94000 8431 91.8205
6.96000 8629 92.8924
6.98000 8553 92.4824
7.00000 8485 92.1141
7.02000 8409 91.7006
7.04000 8663 93.0752
7.06000 8492 92.152
7.08000 8464 92
7.10000 8440 91.8695
7.12000 8514 92.2713
7.14000 8475 92.0598
7.16000 8603 92.7524
7.18000 8527 92.3418
7.20000 8521 92.3093
7.22000 8514 92.2713
7.24000 8418 91.7497
7.26000 8625 92.8709
7.28000 8462 91.9891
7.30000 8509 92.2442
7.32000 8535 92.3851
7.34000 8566 92.5527
7.36000 8570 92.5743
7.38000 8531 92.3634
7.40000 8560 92.5203
7.42000 8573 92.5905
7.44000 8458 91.9674
7.46000 8357 91.4166
7.48000 8476 92.0652
7.50000 8544 92.4338
7.52000 8453 91.9402
7.54000 8488 92.1303
7.56000 8620 92.844
7.58000 8292 91.0604
7.60000 8336 91.3017
7.62000 8424 91.7824
7.64000 8502 92.2063
7.66000 8281 91
7.68000 8382 91.5533
7.70000 8596 92.7146
7.72000 8493 92.1575
7.74000 8349 91.3729
7.76000 8406 91.6842
7.78000 8508 92.2388
7.80000 8315 91.1866
7.82000 8377 91.526
7.84000 8480 92.0869
7.86000 8477 92.0706
7.88000 8454 91.9456
7.90000 8445 91.8967
7.92000 8305 91.1318
7.94000 8313 91.1757
7.96000 8277 90.978
7.98000 8463 91.9946
8.00000 8122 90.1221
8.02000 8461 91.9837
8.04000 8442 91.8804
8.06000 8238 90.7634
8.08000 8147 90.2607
8.10000 8300 91.1043
8.12000 8168 90.377
8.14000 8260 90.8845
8.16000 8245 90.802
8.18000 8226 90.6973
8.20000 8146 90.2552
8.22000 8111 90.0611
8.24000 8232 90.7304
8.26000 8303 91.1208
8.28000 8289 91.0439
8.30000 8295 91.0769
8.32000 8145 90.2497
8.34000 8454 91.9456
8.36000 8314 91.1811
8.38000 8288 91.0385
8.40000 8246 90.8075
8.42000 8250 90.8295
8.44000 8238 90.7634
8.46000 8088 89.9333
8.48000 8199 90.5483
8.50000 8087 89.9277
8.52000 8152 90.2884
8.54000 8273 90.956
8.56000 8142 90.233
8.58000 8115 90.0833
8.60000 8258 90.8735
8.62000 8297 91.0879
8.64000 8173 90.4046
8.66000 8230 90.7193
8.68000 8140 90.2219
8.70000 8138 90.2109
8.72000 7982 89.342
8.74000 8307 91.1427
8.76000 8291 91.0549
8.78000 8154 90.2995
8.80000 8185 90.471
8.82000 8247 90.813
8.84000 8013 89.5154
8.86000 8281 91
8.88000 8284 91.0165
8.90000 8080 89.8888
8.92000 7935 89.0786
8.94000 8332 91.2798
8.96000 8048 89.7106
8.98000 8276 90.9725
9.00000 7998 89.4315
9.02000 7971 89.2805
9.04000 8369 91.4822
9.06000 8098 89.9889
9.08000 7913 88.955
9.10000 8196 90.5318
9.12000 8096 89.9778
9.14000 8048 89.7106
9.16000 8107 90.0389
9.18000 8115 90.0833
9.20000 8096 89.9778
9.22000 8077 89.8721
9.24000 8053 89.7385
9.26000 8240 90.7744
9.28000 8332 91.2798
9.30000 8283 91.011
9.32000 8427 91.7987
9.34000 8421 91.766
9.36000 8563 92.5365
9.38000 8709 93.322
9.40000 8722 93.3916
9.42000 9189 95.8593
9.44000 9265 96.2549
9.46000 9421 97.0618
9.48000 10098 100.489
9.50000 10405 102.005
9.52000 10812 103.981
9.54000 11249 106.061
9.56000 12003 109.558
9.58000 12684 112.623
9.60000 13876 117.796
9.62000 15352 123.903
9.64000 16991 130.35
9.66000 19449 139.46
9.68000 22365 149.549
9.70000 26123 161.626
9.72000 31000 176.068
9.74000 35781 189.159
9.76000 38426 196.026
9.78000 37309 193.155
9.80000 32141 179.279
9.82000 25722 160.381
9.84000 19743 140.51
9.86000 15274 123.588
9.88000 12319 110.991
9.90000 10605 102.981
9.92000 9568 97.8162
9.94000 8992 94.8262
9.96000 8258 90.8735
9.98000 8204 90.5759
10.00000 8174 90.4102
10.02000 8009 89.493
10.04000 8015 89.5265
10.06000 7970 89.2749
10.08000 7945 89.1347
10.10000 7758 88.0795
10.12000 7780 88.2043
10.14000 7841 88.5494
10.16000 7779 88.1986
10.18000 7729 87.9147
10.20000 7683 87.6527
10.22000 7772 88.1589
10.24000 7709 87.8009
10.26000 7747 88.017
10.28000 7808 88.3629
10.30000 7634 87.3728
10.32000 7698 87.7382
10.34000 7850 88.6002
10.36000 7719 87.8578
10.38000 7669 87.5728
10.40000 7722 87.8749
10.42000 7509 86.6545
10.44000 7613 87.2525
10.46000 7657 87.5043
10.48000 7584 87.0862
10.50000 7569 87
10.52000 7540 86.8332
10.54000 7629 87.3441
10.56000 7548 86.8792
10.58000 7665 87.55
10.60000 7478 86.4754
10.62000 7589 87.1149
10.64000 7388 85.9535
10.66000 7536 86.8101
10.68000 7437 86.238
10.70000 7406 86.0581
10.72000 7472 86.4407
10.74000 7553 86.908
10.76000 7617 87.2754
10.78000 7508 86.6487
10.80000 7515 86.6891
10.82000 7488 86.5332
10.84000 7535 86.8044
10.86000 7474 86.4523
10.88000 7487 86.5275
10.90000 7482 86.4986
10.92000 7569 87
10.94000 7472 86.4407
10.96000 7466 86.406
10.98000 7593 87.1378
11.00000 7489 86.539
11.02000 7431 86.2032
11.04000 7466 86.406
11.06000 7546 86.8677
11.08000 7280 85.3229
11.10000 7266 85.2408
11.12000 7319 85.5512
11.14000 7379 85.9011
11.16000 7367 85.8312
11.18000 7297 85.4225
11.20000 7430 86.1974
11.22000 7540 86.8332
11.24000 7341 85.6796
11.26000 7369 85.8429
11.28000 7207 84.8941
11.30000 7420 86.1394
11.32000 7515 86.6891
11.34000 7359 85.7846
11.36000 7384 85.9302
11.38000 7403 86.0407
11.40000 7307 85.481
11.42000 7387 85.9477
11.44000 7419 86.1336
11.46000 7266 85.2408
11.48000 7290 85.3815
11.50000 7436 86.2322
11.52000 7284 85.3464
11.54000 7376 85.8836
11.56000 7359 85.7846
11.58000 7406 86.0581
11.60000 7220 84.9706
11.62000 7396 86
11.64000 7496 86.5794
11.66000 7387 85.9477
11.68000 7497 86.5852
11.70000 7619 87.2869
11.72000 7699 87.7439
11.74000 7841 88.5494
11.76000 7928 89.0393
11.78000 8086 89.9222
11.80000 8415 91.7333
11.82000 8588 92.6715
11.84000 8948 94.5939
11.86000 9640 98.1835
11.88000 10014 100.07
11.90000 10635 103.126
11.92000 11527 107.364
11.94000 12700 112.694
11.96000 15069 122.756
11.98000 17582 132.597
12.00000 20692 143.847
12.02000 24291 155.856
12.04000 28886 169.959
12.06000 31383 177.152
12.08000 31125 176.423
12.10000 27615 166.178
12.12000 21997 148.314
12.14000 16761 129.464
12.16000 12914 113.64
12.18000 10647 103.184
12.20000 9143 95.619
12.22000 8371 91.4932
12.24000 7857 88.6397
12.26000 7561 86.954
12.28000 7616 87.2697
12.30000 7514 86.6833
12.32000 7262 85.2174
12.34000 7421 86.1452
12.36000 7555 86.9195
12.38000 7436 86.2322
12.40000 7337 85.6563
12.42000 7078 84.1309
12.44000 7114 84.3445
12.46000 7222 84.9824
12.48000 7132 84.4512
12.50000 7044 83.9285
12.52000 7046 83.9405
12.54000 7288 85.3698
12.56000 6986 83.5823
12.58000 7153 84.5754
12.60000 7039 83.8987
12.62000 7172 84.6877
12.64000 7131 84.4452
12.66000 6921 83.1925
12.68000 6991 83.6122
12.70000 7210 84.9117
12.72000 6955 83.3966
12.74000 7070 84.0833
12.76000 7036 83.8809
12.78000 7080 84.1427
12.80000 7006 83.7019
12.82000 7018 83.7735
12.84000 7042 83.9166
12.86000 7249 85.1411
12.88000 7266 85.2408
12.90000 7035 83.8749
12.92000 7047 83.9464
12.94000 7014 83.7496
12.96000 7006 83.7019
12.98000 6986 83.5823
13.00000 6981 83.5524
13.02000 7153 84.5754
13.04000 6979 83.5404
13.06000 6941 83.3127
13.08000 7255 85.1763
13.10000 7148 84.5458
13.12000 7178 84.7231
13.14000 7320 85.557
13.16000 7473 86.4465
13.18000 7460 86.3713
13.20000 7671 87.5842
13.22000 7802 88.3289
13.24000 8010 89.4986
13.26000 8308 91.1482
13.28000 8771 93.6536
13.30000 9144 95.6243
13.32000 9852 99.2572
13.34000 10450 102.225
13.36000 11252 106.075
13.38000 12225 110.567
13.40000 13061 114.285
13.42000 13688 116.996
13.44000 14668 121.112
13.46000 14657 121.066
13.48000 14499 120.412
13.50000 13623 116.718
13.52000 12407 111.387
13.54000 11451 107.009
13.56000 10345 101.71
13.58000 9605 98.0051
13.60000 9162 95.7183
13.62000 8669 93.1075
13.64000 8671 93.1182
13.66000 8944 94.5727
13.68000 9224 96.0417
13.70000 9549 97.719
13.72000 10203 101.01
13.74000 11265 106.137
13.76000 12022 109.645
13.78000 13177 114.791
13.80000 14066 118.6
13.82000 14371 119.879
13.84000 14157 118.983
13.86000 12982 113.939
13.88000 11817 108.706
13.90000 10400 101.98
13.92000 9627 98.1173
13.94000 8736 93.4666
13.96000 8050 89.7218
13.98000 7972 89.2861
14.00000 7722 87.8749
14.02000 7869 88.7074
14.04000 7973 89.2917
14.06000 8271 90.945
14.08000 8307 91.1427
14.10000 9085 95.3153
14.12000 9407 96.9897
14.14000 10092 100.459
14.16000 11301 106.306
14.18000 12687 112.637
14.20000 14452 120.216
14.22000 16881 129.927
14.24000 20184 142.07
14.26000 25128 158.518
14.28000 30352 174.218
14.30000 35610 188.706
14.32000 39359 198.391
14.34000 39498 198.741
14.36000 34977 187.021
14.38000 27559 166.009
14.40000 21203 145.612
14.42000 15953 126.305
14.44000 12738 112.863
14.46000 9557 97.7599
14.48000 8415 91.7333
14.50000 7709 87.8009
14.52000 7668 87.5671
14.54000 7381 85.9127
14.56000 7129 84.4334
14.58000 7181 84.7408
14.60000 7102 84.2734
14.62000 7179 84.729
14.64000 6846 82.7406
14.66000 6846 82.7406
14.68000 6966 83.4626
14.70000 6976 83.5225
14.72000 6796 82.4379
14.74000 6948 83.3547
14.76000 6740 82.0975
14.78000 6867 82.8674
14.80000 6741 82.1036
14.82000 6790 82.4015
14.84000 6929 83.2406
14.86000 6852 82.7768
14.88000 6823 82.6015
14.90000 6652 81.5598
14.92000 6984 83.5703
14.94000 6980 83.5464
14.96000 6750 82.1584
14.98000 6816 82.5591
15.00000 6862 82.8372
15.02000 6773 82.2982
15.04000 6932 83.2586
15.06000 6750 82.1584
15.08000 6902 83.0783
15.10000 6982 83.5584
15.12000 6971 83.4925
15.14000 7298 85.4283
15.16000 7322 85.5687
15.18000 7492 86.5563
15.20000 7676 87.6128
15.22000 8099 89.9944
15.24000 8766 93.6269
15.26000 9304 96.4572
15.28000 10087 100.434
15.30000 11090 105.309
15.32000 12601 112.254
15.34000 14371 119.879
15.36000 16447 128.246
15.38000 18242 135.063
15.40000 19219 138.633
15.42000 19359 139.137
15.44000 17929 133.899
15.46000 15058 122.711
15.48000 12576 112.143
15.50000 10717 103.523
15.52000 9161 95.7131
15.54000 8499 92.19
15.56000 7676 87.6128
15.58000 7164 84.6404
15.60000 6972 83.4985
15.62000 6865 82.8553
15.64000 6849 82.7587
15.66000 6809 82.5167
15.68000 6678 81.719
15.70000 6709 81.9085
15.72000 6760 82.2192
15.74000 6651 81.5537
15.76000 6581 81.1234
15.78000 6779 82.3347
15.80000 6816 82.5591
15.82000 6718 81.9634
15.84000 6640 81.4862
15.86000 6711 81.9207
15.88000 6625 81.3941
15.90000 6631 81.431
15.92000 6624 81.388
15.94000 6666 81.6456
15.96000 6617 81.3449
15.98000 6459 80.3679
16.00000 6523 80.7651
16.02000 6507 80.666
16.04000 6620 81.3634
16.06000 6481 80.5047
16.08000 6477 80.4798
16.10000 6623 81.3818
16.12000 6445 80.2808
16.14000 6453 80.3306
16.16000 6659 81.6027
16.18000 6546 80.9074
16.20000 6482 80.5109
16.22000 6548 80.9197
16.24000 6558 80.9815
16.26000 6496 80.5978
16.28000 6453 80.3306
16.30000 6621 81.3695
16.32000 6649 81.5414
16.34000 6685 81.7618
16.36000 6664 81.6333
16.38000 6647 81.5291
16.40000 6695 81.823
16.42000 6858 82.813
16.44000 6843 82.7224
16.46000 6911 83.1324
16.48000 7059 84.0179
16.50000 7349 85.7263
16.52000 7518 86.7064
16.54000 7712 87.818
16.56000 7816 88.4081
16.58000 7584 87.0862
16.60000 7579 87.0575
16.62000 7356 85.7671
16.64000 7238 85.0764
16.66000 7146 84.534
16.68000 6810 82.5227
16.70000 6731 82.0427
16.72000 6778 82.3286
16.74000 6714 81.939
16.76000 6956 83.4026
16.78000 7155 84.5872
16.80000 7100 84.2615
16.82000 7480 86.487
16.84000 7629 87.3441
16.86000 8209 90.6035
16.88000 8614 92.8116
16.90000 9187 95.8488
16.92000 10075 100.374
16.94000 11255 106.09
16.96000 13016 114.088
16.98000 15164 123.142
17.00000 17136 130.905
17.02000 19526 139.735
17.04000 21966 148.209
17.06000 23398 152.964
17.08000 23967 154.813
17.10000 22866 151.215
17.12000 20955 144.758
17.14000 18262 135.137
17.16000 15905 126.115
17.18000 13876 117.796
17.20000 12857 113.389
17.22000 12256 110.707
17.24000 12521 111.897
17.26000 13309 115.365
17.28000 14480 120.333
17.30000 16157 127.11
17.32000 18336 135.41
17.34000 19835 140.837
17.36000 20907 144.593
17.38000 20381 142.762
17.40000 18751 136.934
17.42000 16969 130.265
17.44000 14096 118.727
17.46000 11604 107.722
17.48000 9793 98.9596
17.50000 8713 93.3435
17.52000 7836 88.5212
17.54000 7424 86.1626
17.56000 7228 85.0176
17.58000 6852 82.7768
17.60000 6784 82.365
17.62000 6645 81.5169
17.64000 6607 81.2835
17.66000 6442 80.2621
17.68000 6383 79.8937
17.70000 6422 80.1374
17.72000 6403 80.0187
17.74000 6489 80.5543
17.76000 6427 80.1686
17.78000 6641 81.4923
17.80000 6513 80.7032
17.82000 6611 81.3081
17.84000 6569 81.0494
17.86000 6897 83.0482
17.88000 6805 82.4924
17.90000 6913 83.1445
17.92000 6703 81.8719
17.94000 6745 82.1279
17.96000 6488 80.5481
17.98000 6555 80.963
18.00000 6242 79.0063
18.02000 6236 78.9683
18.04000 6237 78.9747
18.06000 6241 79
18.08000 6321 79.5047
18.10000 6270 79.1833
18.12000 6194 78.702
18.14000 6149 78.4156
18.16000 6153 78.4411
18.18000 6032 77.666
18.20000 6069 77.9038
18.22000 6140 78.3582
18.24000 6268 79.1707
18.26000 6229 78.924
18.28000 6210 78.8036
18.30000 6227 78.9113
18.32000 6198 78.7274
18.34000 6112 78.1793
18.36000 6188 78.6638
18.38000 6113 78.1857
18.40000 6290 79.3095
18.42000 6023 77.608
18.44000 6048 77.7689
18.46000 6107 78.1473
18.48000 5952 77.1492
18.50000 5910 76.8765
18.52000 6076 77.9487
18.54000 6011 77.5306
18.56000 5932 77.0195
18.58000 6059 77.8396
18.60000 6072 77.923
18.62000 5930 77.0065
18.64000 5874 76.642
18.66000 5924 76.9675
18.68000 5957 77.1816
18.70000 5865 76.5833
18.72000 5909 76.87
18.74000 5865 76.5833
18.76000 6037 77.6981
18.78000 6030 77.6531
18.80000 5928 76.9935
18.82000 6003 77.479
18.84000 6059 77.8396
18.86000 6158 78.4729
18.88000 5919 76.935
18.90000 5959 77.1946
18.92000 5920 76.9415
18.94000 6022 77.6015
18.96000 5836 76.3937
18.98000 5930 77.0065
19.00000 5908 76.8635
19.02000 5973 77.2852
19.04000 5919 76.935
19.06000 5915 76.909
19.08000 5931 77.013
19.10000 5903 76.831
19.12000 5843 76.4395
19.14000 5902 76.8245
19.16000 5879 76.6746
19.18000 5934 77.0325
19.20000 5873 76.6355
19.22000 5828 76.3413
19.24000 5837 76.4003
19.26000 6016 77.5629
19.28000 5986 77.3692
19.30000 5896 76.7854
19.32000 6029 77.6466
19.34000 6020 77.5887
19.36000 5982 77.3434
19.38000 5935 77.039
19.40000 5959 77.1946
19.42000 5969 77.2593
19.44000 5911 76.883
19.46000 5896 76.7854
19.48000 5960 77.201
19.50000 5919 76.935
19.52000 5950 77.1362
19.54000 5920 76.9415
19.56000 6147 78.4028
19.58000 5917 76.922
19.60000 6021 77.5951
19.62000 6226 78.905
19.64000 6243 79.0127
19.66000 6350 79.6869
19.68000 6611 81.3081
19.70000 6866 82.8613
19.72000 7153 84.5754
19.74000 7363 85.8079
19.76000 7547 86.8735
19.78000 7267 85.2467
19.80000 7006 83.7019
19.82000 6587 81.1603
19.84000 6500 80.6226
19.86000 6103 78.1217
19.88000 6148 78.4092
19.90000 6036 77.6917
19.92000 6030 77.6531
19.94000 5825 76.3217
19.96000 5790 76.092
19.98000 5909 76.87
20.00000 5980 77.3305
20.02000 5766 75.9342
20.04000 5911 76.883
20.06000 5756 75.8683
20.08000 5803 76.1774
20.10000 5721 75.6373
20.12000 5708 75.5513
20.14000 5799 76.1512
20.16000 5813 76.243
20.18000 5785 76.0592
20.20000 5790 76.092
20.22000 5786 76.0658
20.24000 5898 76.7984
20.26000 5902 76.8245
20.28000 5838 76.4068
20.30000 5774 75.9868
20.32000 5886 76.7203
20.34000 5936 77.0454
20.36000 5976 77.3046
20.38000 5984 77.3563
20.40000 5958 77.1881
20.42000 6007 77.5048
20.44000 5995 77.4274
20.46000 5981 77.3369
20.48000 6131 78.3007
20.50000 6099 78.0961
20.52000 6117 78.2113
20.54000 6486 80.5357
20.56000 6605 81.2712
20.58000 6768 82.2679
20.60000 7359 85.7846
20.62000 7839 88.5381
20.64000 8334 91.2907
20.66000 9227 96.0573
20.68000 10521 102.572
20.70000 11922 109.188
20.72000 13117 114.529
20.74000 15219 123.365
20.76000 16301 127.675
20.78000 17025 130.48
20.80000 16881 129.927
20.82000 15670 125.18
20.84000 14223 119.26
20.86000 12215 110.521
20.88000 10771 103.783
20.90000 9461 97.2677
20.92000 8280 90.9945
20.94000 7601 87.1837
20.96000 6912 83.1384
20.98000 6430 80.1873
21.00000 6192 78.6893
21.02000 6019 77.5822
21.04000 6109 78.1601
21.06000 5934 77.0325
21.08000 5789 76.0855
21.10000 5759 75.8881
21.12000 5746 75.8024
21.14000 5708 75.5513
21.16000 5738 75.7496
21.18000 5738 75.7496
21.20000 5780 76.0263
21.22000 5698 75.4851
21.24000 5818 76.2758
21.26000 5607 74.8799
21.28000 5688 75.4188
21.30000 5727 75.6769
21.32000 5645 75.1332
21.34000 5654 75.1931
21.36000 5719 75.6241
21.38000 5769 75.9539
21.40000 5620 74.9667
21.42000 5817 76.2693
21.44000 5811 76.2299
21.46000 5611 74.9066
21.48000 5599 74.8265
21.50000 5758 75.8815
21.52000 5779 76.0197
21.54000 5837 76.4003
21.56000 5943 77.0909
21.58000 5776 76
21.60000 6030 77.6531
21.62000 6149 78.4156
21.64000 6260 79.1202
21.66000 6630 81.4248
21.68000 7022 83.7974
21.70000 7607 87.2181
21.72000 8273 90.956
21.74000 9392 96.9123
21.76000 10539 102.66
21.78000 12233 110.603
21.80000 13689 117
21.82000 15359 123.931
21.84000 16558 128.678
21.86000 16389 128.02
21.88000 15324 123.79
21.90000 13623 116.718
21.92000 11873 108.963
21.94000 10460 102.274
21.96000 8691 93.2255
21.98000 8105 90.0278
22.00000 7762 88.1022
22.02000 7642 87.4185
22.04000 7595 87.1493
22.06000 7752 88.0454
22.08000 7652 87.4757
22.10000 7516 86.6949
22.12000 7214 84.9353
22.14000 6790 82.4015
22.16000 6467 80.4177
22.18000 6083 77.9936
22.20000 6006 77.4984
22.22000 5898 76.7984
22.24000 5739 75.7562
22.26000 5693 75.452
22.28000 5626 75.0067
22.30000 5699 75.4917
22.32000 5525 74.3303
22.34000 5643 75.1199
22.36000 5631 75.04
22.38000 5532 74.3774
22.40000 5596 74.8064
22.42000 5509 74.2226
22.44000 5546 74.4715
22.46000 5372 73.2939
22.48000 5423 73.641
22.50000 5476 74
22.52000 5337 73.0548
22.54000 5461 73.8986
22.56000 5579 74.6927
22.58000 5341 73.0821
22.60000 5400 73.4847
22.62000 5376 73.3212
22.64000 5333 73.0274
22.66000 5261 72.5328
22.68000 5244 72.4155
22.70000 5430 73.6885
22.72000 5352 73.1574
22.74000 5419 73.6139
22.76000 5394 73.4439
22.78000 5325 72.9726
22.80000 5247 72.4362
22.82000 5311 72.8766
22.84000 5300 72.8011
22.86000 5352 73.1574
22.88000 5495 74.1283
22.90000 5318 72.9246
22.92000 5457 73.8715
22.94000 5307 72.8492
22.96000 5148 71.7496
22.98000 5148 71.7496
23.00000 5362 73.2257
23.02000 5250 72.4569
23.04000 5470 73.9594
23.06000 5413 73.5731
23.08000 5459 73.885
23.10000 5531 74.3707
23.12000 5540 74.4312
23.14000 5633 75.0533
23.16000 5643 75.1199
23.18000 5750 75.8288
23.20000 5768 75.9474
23.22000 5828 76.3413
23.24000 6060 77.846
23.26000 6039 77.711
23.28000 6112 78.1793
23.30000 6136 78.3326
23.32000 6133 78.3135
23.34000 6131 78.3007
23.36000 6000 77.4597
23.38000 6085 78.0064
23.40000 5837 76.4003
23.42000 5891 76.7529
23.44000 5901 76.818
23.46000 5596 74.8064
23.48000 5548 74.4849
23.50000 5469 73.9527
23.52000 5381 73.3553
23.54000 5437 73.736
23.56000 5331 73.0137
23.58000 5328 72.9932
23.60000 5377 73.328
23.62000 5451 73.8309
23.64000 5224 72.2772
23.66000 5416 73.5935
23.68000 5560 74.5654
23.70000 5395 73.4507
23.72000 5677 75.3459
23.74000 5832 76.3675
23.76000 5926 76.9805
23.78000 6456 80.3492
23.80000 6952 83.3787
23.82000 7358 85.7788
23.84000 8204 90.5759
23.86000 9029 95.0211
23.88000 9820 99.0959
23.90000 10499 102.465
23.92000 10754 103.701
23.94000 10486 102.401
23.96000 9690 98.4378
23.98000 8974 94.7312
24.00000 8090 89.9444
24.02000 7609 87.2296
24.04000 7456 86.3481
24.06000 7075 84.113
24.08000 6958 83.4146
24.10000 6865 82.8553
24.12000 7023 83.8033
24.14000 6957 83.4086
24.16000 6999 83.66
24.18000 7261 85.2115
24.20000 7252 85.1587
24.22000 7352 85.7438
24.24000 7196 84.8292
24.26000 7189 84.788
24.28000 6861 82.8312
24.30000 6720 81.9756
24.32000 6440 80.2496
24.34000 6377 79.8561
24.36000 6361 79.7559
24.38000 6202 78.7528
24.40000 5892 76.7594
24.42000 5762 75.9078
24.44000 5747 75.809
24.46000 5560 74.5654
24.48000 5579 74.6927
24.50000 5460 73.8918
24.52000 5532 74.3774
24.54000 5508 74.2159
24.56000 5579 74.6927
24.58000 5552 74.5117
24.60000 5573 74.6525
24.62000 5453 73.8444
24.64000 5492 74.108
24.66000 5626 75.0067
24.68000 5669 75.2928
24.70000 5733 75.7166
24.72000 5918 76.9285
24.74000 6270 79.1833
24.76000 6621 81.3695
24.78000 6767 82.2618
24.80000 7150 84.5577
24.82000 8041 89.6716
24.84000 9103 95.4096
24.86000 10227 101.129
24.88000 11746 108.379
24.90000 13476 116.086
24.92000 15430 124.218
24.94000 17996 134.149
24.96000 21197 145.592
24.98000 23562 153.499
25.00000 25085 158.382
25.02000 26147 161.7
25.04000 26126 161.635
25.06000 24406 156.224
25.08000 22202 149.003
25.10000 20550 143.353
25.12000 18135 134.666
25.14000 16211 127.322
25.16000 14223 119.26
25.18000 12707 112.725
25.20000 11451 107.009
25.22000 10396 101.961
25.24000 9393 96.9175
25.26000 8684 93.188
25.28000 7865 88.6848
25.30000 7397 86.0058
25.32000 6982 83.5584
25.34000 6734 82.061
25.36000 6951 83.3727
25.38000 6820 82.5833
25.40000 6717 81.9573
25.42000 6943 83.3247
25.44000 6947 83.3487
25.46000 7559 86.9425
25.48000 7920 88.9944
25.50000 8605 92.7631
25.52000 9576 97.857
25.54000 10878 104.298
25.56000 12666 112.543
25.58000 14847 121.848
25.60000 17873 133.69
25.62000 21398 146.281
25.64000 25868 160.835
25.66000 31218 176.686
25.68000 37044 192.468
25.70000 42693 206.623
25.72000 48265 219.693
25.74000 51971 227.971
25.76000 54481 233.412
25.78000 53056 230.339
25.80000 49974 223.549
25.82000 45227 212.666
25.84000 40120 200.3
25.86000 34423 185.534
25.88000 27941 167.156
25.90000 22967 151.549
25.92000 18813 137.16
25.94000 15503 124.511
25.96000 11981 109.458
25.98000 10537 102.65
26.00000 9242 96.1353
26.02000 8516 92.2822
26.04000 8101 90.0056
26.06000 8010 89.4986
26.08000 7970 89.2749
26.10000 8082 89.8999
26.12000 8580 92.6283
26.14000 8940 94.5516
26.16000 9617 98.0663
26.18000 10290 101.44
26.20000 10957 104.676
26.22000 11807 108.66
26.24000 12869 113.442
26.26000 13998 118.313
26.28000 14684 121.178
26.30000 16034 126.625
26.32000 16744 129.399
26.34000 17546 132.461
26.36000 17805 133.435
26.38000 17727 133.143
26.40000 17486 132.235
26.42000 16533 128.581
26.44000 15624 124.996
26.46000 13589 116.572
26.48000 12261 110.729
26.50000 10799 103.918
26.52000 9682 98.3972
26.54000 8637 92.9355
26.56000 7658 87.51
26.58000 7114 84.3445
26.60000 6744 82.1219
26.62000 6345 79.6555
26.64000 5880 76.6812
26.66000 5773 75.9803
26.68000 5400 73.4847
26.70000 5417 73.6003
26.72000 5389 73.4098
26.74000 5335 73.0411
26.76000 5263 72.5465
26.78000 5207 72.1595
26.80000 5222 72.2634
26.82000 5175 71.9375
26.84000 5237 72.3671
26.86000 5397 73.4643
26.88000 5249 72.45
26.90000 5342 73.089
26.92000 5448 73.8106
26.94000 5745 75.7958
26.96000 5669 75.2928
26.98000 5930 77.0065
27.00000 6184 78.6384
27.02000 6445 80.2808
27.04000 6892 83.0181
27.06000 7175 84.7054
27.08000 7408 86.0697
27.10000 7940 89.1067
27.12000 8239 90.7689
27.14000 8531 92.3634
27.16000 8826 93.9468
27.18000 8841 94.0266
27.20000 8935 94.5251
27.22000 8356 91.4112
27.24000 8157 90.3161
27.26000 7752 88.0454
27.28000 7231 85.0353
27.30000 6820 82.5833
27.32000 6570 81.0555
27.34000 6525 80.7775
27.36000 6359 79.7433
27.38000 6267 79.1644
27.40000 5969 77.2593
27.42000 5640 75.0999
27.44000 5587 74.7462
27.46000 5145 71.7287
27.48000 4815 69.3902
27.50000 4712 68.644
27.52000 4726 68.7459
27.54000 4604 67.8528
27.56000 4431 66.5658
27.58000 4256 65.238
27.60000 4419 66.4756
27.62000 4206 64.8537
27.64000 4193 64.7534
27.66000 4229 65.0308
27.68000 4181 64.6607
27.70000 4250 65.192
27.72000 4185 64.6916
27.74000 4191 64.7379
27.76000 4164 64.5291
27.78000 4192 64.7457
27.80000 4206 64.8537
27.82000 4262 65.284
27.84000 4161 64.5058
27.86000 4155 64.4593
27.88000 4153 64.4438
27.90000 4180 64.6529
27.92000 4200 64.8074
27.94000 4190 64.7302
27.96000 4051 63.6475
27.98000 4151 64.4283
28.00000 4220 64.9615
28.02000 4197 64.7843
28.04000 4164 64.5291
28.06000 4166 64.5446
28.08000 4083 63.8984
28.10000 4123 64.2106
28.12000 4025 63.4429
28.14000 4081 63.8827
28.16000 4014 63.3561
28.18000 3877 62.2656
28.20000 3959 62.9206
28.22000 3829 61.8789
28.24000 3911 62.538
28.26000 3932 62.7057
28.28000 3824 61.8385
28.30000 3907 62.506
28.32000 3990 63.1664
28.34000 3929 62.6817
28.36000 4007 63.3009
28.38000 3934 62.7216
28.40000 3825 61.8466
28.42000 3797 61.6198
28.44000 3912 62.546
28.46000 3740 61.1555
28.48000 3582 59.8498
28.50000 3740 61.1555
28.52000 3616 60.1332
28.54000 3750 61.2372
28.56000 3903 62.474
28.58000 3941 62.7774
28.60000 4060 63.7181
28.62000 4066 63.7652
28.64000 4140 64.3428
28.66000 4408 66.3928
28.68000 4557 67.5056
28.70000 4712 68.644
28.72000 4724 68.7314
28.74000 4633 68.0661
28.76000 4367 66.0833
28.78000 4261 65.2763
28.80000 4118 64.1716
28.82000 3975 63.0476
28.84000 4003 63.2693
28.86000 4046 63.6082
28.88000 3972 63.0238
28.90000 4103 64.0547
28.92000 4128 64.2495
28.94000 4153 64.4438
28.96000 3832 61.9032
28.98000 3934 62.7216
29.00000 3860 62.1289
29.02000 3855 62.0886
29.04000 4054 63.671
29.06000 4251 65.1997
29.08000 4401 66.34
29.10000 4739 68.8404
29.12000 5177 71.9514
29.14000 5619 74.96
29.16000 6466 80.4114
29.18000 6877 82.9277
29.20000 7559 86.9425
29.22000 7694 87.7154
29.24000 7248 85.1352
29.26000 6606 81.2773
29.28000 6027 77.6338
29.30000 5443 73.7767
29.32000 5005 70.746
29.34000 5011 70.7884
29.36000 5122 71.5681
29.38000 5340 73.0753
29.40000 5659 75.2263
29.42000 5764 75.921
29.44000 6087 78.0192
29.46000 6456 80.3492
29.48000 6933 83.2646
29.50000 7149 84.5518
29.52000 7372 85.8604
29.54000 7643 87.4243
29.56000 7829 88.4816
29.58000 7913 88.955
29.60000 8342 91.3345
29.62000 8501 92.2009
29.64000 8761 93.6002
29.66000 8740 93.488
29.68000 8403 91.6679
29.70000 8025 89.5824
29.72000 7586 87.0976
29.74000 7070 84.0833
29.76000 6461 80.3803
29.78000 6125 78.2624
29.80000 5543 74.4513
29.82000 5093 71.3653
29.84000 4816 69.3974
29.86000 4508 67.1416
29.88000 4078 63.8592
29.90000 4126 64.2339
29.92000 3762 61.3351
29.94000 3809 61.7171
29.96000 3646 60.3821
29.98000 3654 60.4483
30.00000 3562 59.6825
30.02000 3465 58.8643
30.04000 3492 59.0931
30.06000 3601 60.0083
30.08000 3412 58.4123
30.10000 3422 58.4979
30.12000 3351 57.8878
30.14000 3278 57.2538
30.16000 3348 57.8619
30.18000 3317 57.5934
30.20000 3227 56.8067
30.22000 3290 57.3585
30.24000 3314 57.5674
30.26000 3283 57.2975
30.28000 3320 57.6194
30.30000 3261 57.1052
30.32000 3281 57.28
30.34000 3248 56.9912
30.36000 3341 57.8014
30.38000 3383 58.1636
30.40000 3329 57.6975
30.42000 3246 56.9737
30.44000 3284 57.3062
30.46000 3173 56.3294
30.48000 3269 57.1752
30.50000 3231 56.8419
30.52000 3203 56.5951
30.54000 3161 56.2228
30.56000 3151 56.1338
30.58000 3186 56.4447
30.60000 3110 55.7674
30.62000 3177 56.3649
30.64000 3114 55.8032
30.66000 3020 54.9545
30.68000 3130 55.9464
30.70000 3168 56.285
30.72000 3208 56.6392
30.74000 3244 56.9561
30.76000 3241 56.9298
30.78000 3276 57.2364
30.80000 3198 56.5509
30.82000 3251 57.0175
30.84000 3253 57.0351
30.86000 3347 57.8533
30.88000 3416 58.4466
30.90000 3284 57.3062
30.92000 3188 56.4624
30.94000 3178 56.3738
30.96000 3232 56.8507
30.98000 3195 56.5243
31.00000 3136 56
31.02000 3060 55.3173
31.04000 3149 56.116
31.06000 3159 56.205
31.08000 3121 55.8659
31.10000 3252 57.0263
31.12000 3123 55.8838
31.14000 3271 57.1927
31.16000 3249 57
31.18000 3147 56.0981
31.20000 3326 57.6715
31.22000 3322 57.6368
31.24000 3370 58.0517
31.26000 3370 58.0517
31.28000 3585 59.8749
31.30000 3509 59.2368
31.32000 3614 60.1166
31.34000 3717 60.9672
31.36000 3787 61.5386
31.38000 3816 61.7738
31.40000 3805 61.6847
31.42000 3702 60.8441
31.44000 3722 61.0082
31.46000 3616 60.1332
31.48000 3836 61.9355
31.50000 3773 61.4248
31.52000 3735 61.1146
31.54000 3840 61.9677
31.56000 3623 60.1914
31.58000 3498 59.1439
31.60000 3328 57.6888
31.62000 3210 56.6569
31.64000 3109 55.7584
31.66000 3131 55.9553
31.68000 3111 55.7763
31.70000 3062 55.3353
31.72000 3032 55.0636
31.74000 3113 55.7943
31.76000 3066 55.3715
31.78000 3103 55.7046
31.80000 3065 55.3624
31.82000 3037 55.109
31.84000 2893 53.7866
31.86000 2950 54.3139
31.88000 2963 54.4334
31.90000 2941 54.231
31.92000 2945 54.2679
31.94000 2897 53.8238
31.96000 2864 53.5164
31.98000 2926 54.0925
32.00000 2840 53.2917
32.02000 2932 54.1479
32.04000 2866 53.535
32.06000 2960 54.4059
32.08000 2836 53.2541
32.10000 2915 53.9907
32.12000 2916 54
32.14000 2980 54.5894
32.16000 2956 54.3691
32.18000 3008 54.8452
32.20000 2971 54.5069
32.22000 3056 55.2811
32.24000 3063 55.3444
32.26000 2970 54.4977
32.28000 2934 54.1664
32.30000 2958 54.3875
32.32000 2977 54.5619
32.34000 2833 53.2259
32.36000 2907 53.9166
32.38000 2915 53.9907
32.40000 2862 53.4977
32.42000 2899 53.8424
32.44000 2859 53.4696
32.46000 2786 52.7826
32.48000 2874 53.6097
32.50000 3000 54.7723
32.52000 3041 55.1453
32.54000 3111 55.7763
32.56000 3150 56.1249
32.58000 3139 56.0268
32.60000 3241 56.9298
32.62000 3385 58.1808
32.64000 3451 58.7452
32.66000 3466 58.8727
32.68000 3296 57.4108
32.70000 3400 58.3095
32.72000 3338 57.7754
32.74000 3346 57.8446
32.76000 3415 58.438
32.78000 3414 58.4294
32.80000 3320 57.6194
32.82000 3640 60.3324
32.84000 3694 60.7783
32.86000 3973 63.0317
32.88000 4206 64.8537
32.90000 4443 66.6558
32.92000 4508 67.1416
32.94000 4323 65.7495
32.96000 4017 63.3798
32.98000 3858 62.1128
33.00000 3610 60.0833
33.02000 3359 57.9569
33.04000 3222 56.7627
33.06000 3104 55.7136
33.08000 3035 55.0908
33.10000 2974 54.5344
33.12000 2944 54.2586
33.14000 2813 53.0377
33.16000 2813 53.0377
33.18000 2766 52.5928
33.20000 2770 52.6308
33.22000 2703 51.9904
33.24000 2799 52.9056
33.26000 2693 51.8941
33.28000 2767 52.6023
33.30000 2669 51.6624
33.32000 2658 51.5558
33.34000 2664 51.614
33.36000 2711 52.0673
33.38000 2718 52.1344
33.40000 2575 50.7445
33.42000 2769 52.6213
33.44000 2684 51.8073
33.46000 2662 51.5946
33.48000 2662 51.5946
33.50000 2718 52.1344
33.52000 2658 51.5558
33.54000 2757 52.5071
33.56000 2686 51.8266
33.58000 2773 52.6593
33.60000 2746 52.4023
33.62000 2776 52.6878
33.64000 2801 52.9245
33.66000 2893 53.7866
33.68000 2932 54.1479
33.70000 3072 55.4256
33.72000 3166 56.2672
33.74000 3288 57.3411
33.76000 3431 58.5747
33.78000 3626 60.2163
33.80000 3597 59.975
33.82000 3735 61.1146
33.84000 3833 61.9112
33.86000 3805 61.6847
33.88000 3785 61.5224
33.90000 3601 60.0083
33.92000 3373 58.0775
33.94000 3334 57.7408
33.96000 3136 56
33.98000 2902 53.8702
34.00000 2964 54.4426
34.02000 2904 53.8888
34.04000 2888 53.7401
34.06000 2857 53.4509
34.08000 2739 52.3355
34.10000 2733 52.2781
34.12000 2740 52.345
34.14000 2612 51.1077
34.16000 2612 51.1077
34.18000 2755 52.4881
34.20000 2711 52.0673
34.22000 2864 53.5164
34.24000 2828 53.1789
34.26000 2796 52.8772
34.28000 2820 53.1037
34.30000 2771 52.6403
34.32000 2935 54.1756
34.34000 2913 53.9722
34.36000 3046 55.1906
34.38000 3162 56.2317
34.40000 3181 56.4004
34.42000 3143 56.0625
34.44000 3311 57.5413
34.46000 3266 57.1489
34.48000 3343 57.8187
34.50000 3261 57.1052
34.52000 3341 57.8014
34.54000 3671 60.5888
34.56000 3661 60.5062
34.58000 3716 60.959
34.60000 3855 62.0886
34.62000 3844 62
34.64000 3726 61.041
34.66000 3649 60.407
34.68000 3503 59.1861
34.70000 3483 59.0169
34.72000 3280 57.2713
34.74000 3141 56.0446
34.76000 2982 54.6077
34.78000 2887 53.7308
34.80000 2798 52.8961
34.82000 2792 52.8394
34.84000 2762 52.5547
34.86000 2825 53.1507
34.88000 2528 50.2792
34.90000 2534 50.3389
34.92000 2566 50.6557
34.94000 2554 50.5371
34.96000 2428 49.2747
34.98000 2519 50.1896
35.00000 2517 50.1697
35.02000 2474 49.7393
35.04000 2546 50.4579
35.06000 2643 51.4101
35.08000 2614 51.1273
35.10000 2595 50.9411
35.12000 2563 50.6261
35.14000 2527 50.2693
35.16000 2649 51.4684
35.18000 2537 50.3686
35.20000 2561 50.6063
35.22000 2509 50.0899
35.24000 2534 50.3389
35.26000 2500 50
35.28000 2450 49.4975
35.30000 2518 50.1797
35.32000 2447 49.4672
35.34000 2534 50.3389
35.36000 2526 50.2593
35.38000 2531 50.309
35.40000 2582 50.8134
35.42000 2464 49.6387
35.44000 2576 50.7543
35.46000 2592 50.9117
35.48000 2502 50.02
35.50000 2513 50.1298
35.52000 2495 49.95
35.54000 2526 50.2593
35.56000 2531 50.309
35.58000 2519 50.1896
35.60000 2477 49.7695
35.62000 2450 49.4975
35.64000 2488 49.8799
35.66000 2424 49.2341
35.68000 2388 48.8672
35.70000 2482 49.8197
35.72000 2388 48.8672
35.74000 2418 49.1732
35.76000 2473 49.7293
35.78000 2506 50.06
35.80000 2451 49.5076
35.82000 2517 50.1697
35.84000 2441 49.4065
35.86000 2450 49.4975
35.88000 2489 49.8899
35.90000 2570 50.6952
35.92000 2557 50.5668
35.94000 2537 50.3686
35.96000 2543 50.4282
35.98000 2552 50.5173
36.00000 2470 49.6991
36.02000 2549 50.4876
36.04000 2588 50.8724
36.06000 2577 50.7642
36.08000 2644 51.4198
36.10000 2721 52.1632
36.12000 2884 53.7029
36.14000 2796 52.8772
36.16000 2948 54.2955
36.18000 3064 55.3534
36.20000 3242 56.9386
36.22000 3403 58.3352
36.24000 3556 59.6322
36.26000 3658 60.4814
36.28000 3846 62.0161
36.30000 3790 61.563
36.32000 3882 62.3057
36.34000 3668 60.564
36.36000 3694 60.7783
36.38000 3617 60.1415
36.40000 3361 57.9741
36.42000 3231 56.8419
36.44000 3118 55.8391
36.46000 2953 54.3415
36.48000 2879 53.6563
36.50000 2769 52.6213
36.52000 2694 51.9038
36.54000 2642 51.4004
36.56000 2508 50.0799
36.58000 2513 50.1298
36.60000 2471 49.7092
36.62000 2374 48.7237
36.64000 2484 49.8397
36.66000 2411 49.1019
36.68000 2438 49.3761
36.70000 2437 49.366
36.72000 2513 50.1298
36.74000 2449 49.4874
36.76000 2521 50.2096
36.78000 2573 50.7247
36.80000 2681 51.7784
36.82000 2735 52.2972
36.84000 2675 51.7204
36.86000 2692 51.8845
36.88000 2698 51.9423
36.90000 2661 51.5849
36.92000 2629 51.2738
36.94000 2601 51
36.96000 2574 50.7346
36.98000 2699 51.9519
37.00000 2617 51.1566
37.02000 2650 51.4782
37.04000 2590 50.892
37.06000 2727 52.2207
37.08000 2652 51.4976
37.10000 2551 50.5074
37.12000 2550 50.4975
37.14000 2488 49.8799
37.16000 2542 50.4183
37.18000 2502 50.02
37.20000 2624 51.225
37.22000 2571 50.705
37.24000 2654 51.517
37.26000 2587 50.8626
37.28000 2616 51.1468
37.30000 2658 51.5558
37.32000 2588 50.8724
37.34000 2518 50.1797
37.36000 2500 50
37.38000 2492 49.9199
37.40000 2461 49.6085
37.42000 2455 49.548
37.44000 2422 49.2138
37.46000 2293 47.8853
37.48000 2282 47.7703
37.50000 2379 48.775
37.52000 2356 48.5386
37.54000 2424 49.2341
37.56000 2544 50.4381
37.58000 2600 50.9902
37.60000 2676 51.7301
37.62000 2864 53.5164
37.64000 3011 54.8726
37.66000 3126 55.9106
37.68000 3266 57.1489
37.70000 3170 56.3028
37.72000 3046 55.1906
37.74000 3018 54.9363
37.76000 2846 53.3479
37.78000 2698 51.9423
37.80000 2580 50.7937
37.82000 2524 50.2394
37.84000 2456 49.558
37.86000 2437 49.366
37.88000 2358 48.5592
37.90000 2285 47.8017
37.92000 2339 48.3632
37.94000 2302 47.9792
37.96000 2302 47.9792
37.98000 2337 48.3425
38.00000 2385 48.8365
38.02000 2348 48.4562
38.04000 2446 49.4571
38.06000 2512 50.1199
38.08000 2571 50.705
38.10000 2622 51.2055
38.12000 2877 53.6377
38.14000 3230 56.8331
38.16000 3550 59.5819
38.18000 4105 64.0703
38.20000 4359 66.0227
38.22000 4521 67.2384
38.24000 4442 66.6483
38.26000 3957 62.9047
38.28000 3623 60.1914
38.30000 3293 57.3847
38.32000 3070 55.4076
38.34000 2870 53.5724
38.36000 2933 54.1572
38.38000 2779 52.7162
38.40000 2768 52.6118
38.42000 2750 52.4404
38.44000 2785 52.7731
38.46000 2881 53.6749
38.48000 2805 52.9623
38.50000 2797 52.8867
38.52000 2822 53.1225
38.54000 3039 55.1271
38.56000 3121 55.8659
38.58000 3134 55.9821
38.60000 3170 56.3028
38.62000 3007 54.8361
38.64000 2957 54.3783
38.66000 2911 53.9537
38.68000 2761 52.5452
38.70000 2819 53.0943
38.72000 2691 51.8748
38.74000 2854 53.4228
38.76000 3005 54.8179
38.78000 2857 53.4509
38.80000 2934 54.1664
38.82000 3058 55.2992
38.84000 3156 56.1783
38.86000 3201 56.5774
38.88000 3221 56.7539
38.90000 3233 56.8595
38.92000 3211 56.6657
38.94000 3088 55.5698
38.96000 3088 55.5698
38.98000 3020 54.9545
39.00000 2942 54.2402
39.02000 2892 53.7773
39.04000 2913 53.9722
39.06000 2765 52.5833
39.08000 2756 52.4976
39.10000 2649 51.4684
39.12000 2434 49.3356
39.14000 2418 49.1732
39.16000 2486 49.8598
39.18000 2424 49.2341
39.20000 2439 49.3862
39.22000 2366 48.6415
39.24000 2432 49.3153
39.26000 2414 49.1325
39.28000 2386 48.8467
39.30000 2384 48.8262
39.32000 2453 49.5278
39.34000 2375 48.734
39.36000 2461 49.6085
39.38000 2417 49.163
39.40000 2372 48.7032
39.42000 2322 48.1871
39.44000 2352 48.4974
39.46000 2195 46.8508
39.48000 2222 47.1381
39.50000 2284 47.7912
39.52000 2279 47.7389
39.54000 2206 46.9681
39.56000 2154 46.4112
39.58000 2236 47.2864
39.60000 2176 46.6476
39.62000 2225 47.1699
39.64000 2178 46.669
39.66000 2204 46.9468
39.68000 2324 48.2079
39.70000 2304 48
39.72000 2289 47.8435
39.74000 2275 47.697
39.76000 2356 48.5386
39.78000 2421 49.2037
39.80000 2373 48.7134
39.82000 2434 49.3356
39.84000 2527 50.2693
39.86000 2605 51.0392
39.88000 2598 50.9706
39.90000 2655 51.5267
39.92000 2691 51.8748
39.94000 2623 51.2152
39.96000 2493 49.93
39.98000 2561 50.6063
40.00000 2578 50.774
40.02000 2704 52
40.04000 2472 49.7192
40.06000 2611 51.0979
40.08000 2554 50.5371
40.10000 2627 51.2543
40.12000 2679 51.7591
40.14000 2588 50.8724
40.16000 2715 52.1057
40.18000 2702 51.9808
40.20000 2726 52.2111
40.22000 2671 51.6817
40.24000 2705 52.0096
40.26000 2721 52.1632
40.28000 2670 51.672
40.30000 2745 52.3927
40.32000 2787 52.792
40.34000 2980 54.5894
40.36000 2944 54.2586
40.38000 3015 54.909
40.40000 2792 52.8394
40.42000 2685 51.817
40.44000 2642 51.4004
40.46000 2409 49.0816
40.48000 2401 49
40.50000 2432 49.3153
40.52000 2418 49.1732
40.54000 2381 48.7955
40.56000 2395 48.9387
40.58000 2368 48.6621
40.60000 2319 48.156
40.62000 2321 48.1768
40.64000 2410 49.0918
40.66000 2575 50.7445
40.68000 2577 50.7642
40.70000 2728 52.2303
40.72000 2811 53.0189
40.74000 2866 53.535
40.76000 2896 53.8145
40.78000 2866 53.535
40.80000 2849 53.376
40.82000 2870 53.5724
40.84000 2725 52.2015
40.86000 2607 51.0588
40.88000 2668 51.6527
40.90000 2557 50.5668
40.92000 2445 49.4469
40.94000 2531 50.309
40.96000 2430 49.295
40.98000 2567 50.6656
41.00000 2641 51.3907
41.02000 2892 53.7773
41.04000 3066 55.3715
41.06000 3137 56.0089
41.08000 3227 56.8067
41.10000 3165 56.2583
41.12000 3180 56.3915
41.14000 3108 55.7494
41.16000 2954 54.3507
41.18000 2963 54.4334
41.20000 2895 53.8052
41.22000 2822 53.1225
41.24000 2739 52.3355
41.26000 2666 51.6333
41.28000 2607 51.0588
41.30000 2532 50.319
41.32000 2525 50.2494
41.34000 2362 48.6004
41.36000 2393 48.9183
41.38000 2403 49.0204
41.40000 2347 48.4458
41.42000 2314 48.1041
41.44000 2338 48.3529
41.46000 2191 46.8081
41.48000 2275 47.697
41.50000 2219 47.1063
41.52000 2263 47.571
41.54000 2348 48.4562
41.56000 2164 46.5188
41.58000 2121 46.0543
41.60000 2175 46.6369
41.62000 2221 47.1275
41.64000 2213 47.0425
41.66000 2253 47.4658
41.68000 2203 46.9361
41.70000 2154 46.4112
41.72000 2200 46.9042
41.74000 2219 47.1063
41.76000 2184 46.7333
41.78000 2141 46.2709
41.80000 2134 46.1952
41.82000 2227 47.1911
41.84000 2188 46.7761
41.86000 2177 46.6583
41.88000 2255 47.4868
41.90000 2215 47.0638
41.92000 2163 46.5081
41.94000 2225 47.1699
41.96000 2149 46.3573
41.98000 2193 46.8295
42.00000 2198 46.8828
42.02000 2168 46.5618
42.04000 2258 47.5184
42.06000 2166 46.5403
42.08000 2275 47.697
42.10000 2343 48.4045
42.12000 2370 48.6826
42.14000 2270 47.6445
42.16000 2403 49.0204
42.18000 2445 49.4469
42.20000 2585 50.8429
42.22000 2521 50.2096
42.24000 2542 50.4183
42.26000 2548 50.4777
42.28000 2669 51.6624
42.30000 2605 51.0392
42.32000 2695 51.9134
42.34000 2624 51.225
42.36000 2667 51.643
42.38000 2628 51.264
42.40000 2674 51.7107
42.42000 2661 51.5849
42.44000 2635 51.3323
42.46000 2604 51.0294
42.48000 2521 50.2096
42.50000 2451 49.5076
42.52000 2515 50.1498
42.54000 2552 50.5173
42.56000 2563 50.6261
42.58000 2618 51.1664
42.60000 2606 51.049
42.62000 2615 51.1371
42.64000 2565 50.6458
42.66000 2491 49.9099
42.68000 2458 49.5782
42.70000 2365 48.6313
42.72000 2318 48.1456
42.74000 2240 47.3286
42.76000 2210 47.0106
42.78000 2197 46.8722
42.80000 2188 46.7761
42.82000 2200 46.9042
42.84000 2161 46.4866
42.86000 2060 45.3872
42.88000 2051 45.288
42.90000 2113 45.9674
42.92000 2089 45.7056
42.94000 2101 45.8367
42.96000 2174 46.6262
42.98000 2051 45.288
43.00000 2006 44.7884
43.02000 2084 45.6508
43.04000 2122 46.0652
43.06000 2109 45.9239
43.08000 2072 45.5192
43.10000 2107 45.9021
43.12000 2027 45.0222
43.14000 2051 45.288
43.16000 2102 45.8476
43.18000 2205 46.9574
43.20000 2167 46.551
43.22000 2122 46.0652
43.24000 2242 47.3498
43.26000 2337 48.3425
43.28000 2372 48.7032
43.30000 2475 49.7494
43.32000 2469 49.689
43.34000 2568 50.6754
43.36000 2507 50.07
43.38000 2609 51.0784
43.40000 2429 49.2849
43.42000 2462 49.6185
43.44000 2519 50.1896
43.46000 2432 49.3153
43.48000 2418 49.1732
43.50000 2471 49.7092
43.52000 2528 50.2792
43.54000 2638 51.3615
43.56000 2641 51.3907
43.58000 2627 51.2543
43.60000 2731 52.259
43.62000 2740 52.345
43.64000 2829 53.1883
43.66000 2807 52.9811
43.68000 2867 53.5444
43.70000 2892 53.7773
43.72000 2863 53.507
43.74000 2995 54.7266
43.76000 3043 55.1634
43.78000 3080 55.4977
43.80000 2997 54.7449
43.82000 2966 54.461
43.84000 3040 55.1362
43.86000 2951 54.3231
43.88000 2989 54.6717
43.90000 2959 54.3967
43.92000 2899 53.8424
43.94000 2963 54.4334
43.96000 3085 55.5428
43.98000 3155 56.1694
44.00000 3208 56.6392
44.02000 3220 56.745
44.04000 3281 57.28
44.06000 3180 56.3915
44.08000 3232 56.8507
44.10000 3198 56.5509
44.12000 3153 56.1516
44.14000 3132 55.9643
44.16000 3042 55.1543
44.18000 3035 55.0908
44.20000 2829 53.1883
44.22000 2729 52.2398
44.24000 2737 52.3163
44.26000 2533 50.3289
44.28000 2429 49.2849
44.30000 2440 49.3964
44.32000 2339 48.3632
44.34000 2312 48.0833
44.36000 2407 49.0612
44.38000 2279 47.7389
44.40000 2216 47.0744
44.42000 2232 47.244
44.44000 2301 47.9687
44.46000 2202 46.9255
44.48000 2257 47.5079
44.50000 2295 47.9062
44.52000 2312 48.0833
44.54000 2473 49.7293
44.56000 2400 48.9898
44.58000 2449 49.4874
44.60000 2439 49.3862
44.62000 2461 49.6085
44.64000 2380 48.7852
44.66000 2481 49.8096
44.68000 2340 48.3735
44.70000 2540 50.3984
44.72000 2512 50.1199
44.74000 2621 51.1957
44.76000 2740 52.345
44.78000 2773 52.6593
44.80000 2812 53.0283
44.82000 2794 52.8583
44.84000 2803 52.9434
44.86000 2803 52.9434
44.88000 2840 53.2917
44.90000 2812 53.0283
44.92000 2818 53.0848
44.94000 2752 52.4595
44.96000 2879 53.6563
44.98000 2981 54.5985
45.00000 2863 53.507
45.02000 2914 53.9815
45.04000 2899 53.8424
45.06000 2829 53.1883
45.08000 2639 51.3712
45.10000 2664 51.614
45.12000 2549 50.4876
45.14000 2432 49.3153
45.16000 2438 49.3761
45.18000 2331 48.2804
45.20000 2261 47.55
45.22000 2164 46.5188
45.24000 2149 46.3573
45.26000 2168 46.5618
45.28000 2157 46.4435
45.30000 2086 45.6727
45.32000 2123 46.076
45.34000 2120 46.0435
45.36000 2147 46.3357
45.38000 2087 45.6837
45.40000 2138 46.2385
45.42000 2138 46.2385
45.44000 2141 46.2709
45.46000 2161 46.4866
45.48000 2218 47.0956
45.50000 2205 46.9574
45.52000 2231 47.2335
45.54000 2272 47.6655
45.56000 2328 48.2494
45.58000 2351 48.4871
45.60000 2257 47.5079
45.62000 2320 48.1664
45.64000 2312 48.0833
45.66000 2298 47.9375
45.68000 2429 49.2849
45.70000 2388 48.8672
45.72000 2437 49.366
45.74000 2422 49.2138
45.76000 2393 48.9183
45.78000 2405 49.0408
45.80000 2344 48.4149
45.82000 2345 48.4252
45.84000 2357 48.5489
45.86000 2257 47.5079
45.88000 2393 48.9183
45.90000 2287 47.8226
45.92000 2211 47.0213
45.94000 2209 47
45.96000 2067 45.4643
45.98000 2107 45.9021
46.00000 2099 45.8148
46.02000 2075 45.5522
46.04000 2198 46.8828
46.06000 2278 47.7284
46.08000 2342 48.3942
46.10000 2364 48.621
46.12000 2466 49.6588
46.14000 2488 49.8799
46.16000 2412 49.1121
46.18000 2370 48.6826
46.20000 2275 47.697
46.22000 2223 47.1487
46.24000 2043 45.1996
46.26000 2039 45.1553
46.28000 2083 45.6399
46.30000 2065 45.4423
46.32000 2027 45.0222
46.34000 2048 45.2548
46.36000 1971 44.3959
46.38000 1995 44.6654
46.40000 2008 44.8107
46.42000 2046 45.2327
46.44000 2029 45.0444
46.46000 1981 44.5084
46.48000 2112 45.9565
46.50000 2052 45.299
46.52000 2063 45.4203
46.54000 2195 46.8508
46.56000 2187 46.7654
46.58000 2195 46.8508
46.60000 2353 48.5077
46.62000 2343 48.4045
46.64000 2452 49.5177
46.66000 2453 49.5278
46.68000 2513 50.1298
46.70000 2547 50.4678
46.72000 2613 51.1175
46.74000 2697 51.9326
46.76000 2808 52.9906
46.78000 2675 51.7204
46.80000 2609 51.0784
46.82000 2594 50.9313
46.84000 2557 50.5668
46.86000 2515 50.1498
46.88000 2412 49.1121
46.90000 2309 48.0521
46.92000 2222 47.1381
46.94000 2165 46.5296
46.96000 2151 46.3789
46.98000 2157 46.4435
47.00000 2131 46.1628
47.02000 2174 46.6262
47.04000 2143 46.2925
47.06000 2084 45.6508
47.08000 2102 45.8476
47.10000 2009 44.8219
47.12000 2061 45.3982
47.14000 1992 44.6318
47.16000 2022 44.9667
47.18000 1991 44.6206
47.20000 1948 44.1362
47.22000 1978 44.4747
47.24000 1996 44.6766
47.26000 1996 44.6766
47.28000 1945 44.1022
47.30000 1957 44.238
47.32000 2033 45.0888
47.34000 2005 44.7772
47.36000 1965 44.3283
47.38000 1994 44.6542
47.40000 2138 46.2385
47.42000 2008 44.8107
47.44000 1990 44.6094
47.46000 1986 44.5646
47.48000 1972 44.4072
47.50000 2091 45.7275
47.52000 1960 44.2719
47.54000 2062 45.4093
47.56000 2058 45.3652
47.58000 2020 44.9444
47.60000 2084 45.6508
47.62000 1982 44.5197
47.64000 1996 44.6766
47.66000 2023 44.9778
47.68000 2007 44.7996
47.70000 1962 44.2945
47.72000 1940 44.0454
47.74000 2068 45.4753
47.76000 2055 45.3321
47.78000 2042 45.1885
47.80000 2057 45.3542
47.82000 2106 45.8912
47.84000 2140 46.2601
47.86000 2067 45.4643
47.88000 2065 45.4423
47.90000 2030 45.0555
47.92000 2148 46.3465
47.94000 2145 46.3141
47.96000 2156 46.4327
47.98000 2084 45.6508
48.00000 1996 44.6766
48.02000 2148 46.3465
48.04000 2001 44.7325
48.06000 2048 45.2548
48.08000 2001 44.7325
48.10000 2034 45.0999
48.12000 2081 45.618
48.14000 1978 44.4747
48.16000 1898 43.566
48.18000 1949 44.1475
48.20000 1960 44.2719
48.22000 1881 43.3705
48.24000 1974 44.4297
48.26000 1939 44.0341
48.28000 1981 44.5084
48.30000 1987 44.5758
48.32000 1999 44.7102
48.34000 2008 44.8107
48.36000 1969 44.3734
48.38000 1867 43.2088
48.40000 1886 43.4281
48.42000 1929 43.9204
48.44000 1956 44.2267
48.46000 1817 42.6263
48.48000 1916 43.7721
48.50000 1888 43.4511
48.52000 1875 43.3013
48.54000 1936 44
48.56000 1815 42.6028
48.58000 1852 43.0349
48.60000 1769 42.0595
48.62000 1809 42.5323
48.64000 1886 43.4281
48.66000 1799 42.4146
48.68000 1851 43.0232
48.70000 1930 43.9318
48.72000 1886 43.4281
48.74000 1913 43.7379
48.76000 1929 43.9204
48.78000 1953 44.1928
48.80000 1846 42.9651
48.82000 1929 43.9204
48.84000 1915 43.7607
48.86000 1936 44
48.88000 1869 43.2319
48.90000 1930 43.9318
48.92000 1907 43.6692
48.94000 1857 43.0929
48.96000 1869 43.2319
48.98000 1903 43.6234
49.00000 1913 43.7379
49.02000 1924 43.8634
49.04000 1895 43.5316
49.06000 1866 43.1972
49.08000 1953 44.1928
49.10000 1892 43.4971
49.12000 2008 44.8107
49.14000 2035 45.111
49.16000 1995 44.6654
49.18000 2059 45.3762
49.20000 2069 45.4863
49.22000 2015 44.8888
49.24000 2152 46.3897
49.26000 2118 46.0217
49.28000 2134 46.1952
49.30000 2214 47.0532
49.32000 2310 48.0625
49.34000 2253 47.4658
49.36000 2284 47.7912
49.38000 2392 48.9081
49.40000 2461 49.6085
49.42000 2468 49.679
49.44000 2461 49.6085
49.46000 2465 49.6488
49.48000 2472 49.7192
49.50000 2474 49.7393
49.52000 2496 49.96
49.54000 2483 49.8297
49.56000 2521 50.2096
49.58000 2517 50.1697
49.60000 2418 49.1732
49.62000 2618 51.1664
49.64000 2462 49.6185
49.66000 2553 50.5272
49.68000 2527 50.2693
49.70000 2537 50.3686
49.72000 2662 51.5946
49.74000 2701 51.9711
49.76000 2696 51.923
49.78000 2849 53.376
49.80000 2816 53.066
49.82000 2817 53.0754
49.84000 2832 53.2165
49.86000 2752 52.4595
49.88000 2594 50.9313
49.90000 2525 50.2494
49.92000 2363 48.6107
49.94000 2332 48.2908
49.96000 2085 45.6618
49.98000 2019 44.9333
50.00000 1949 44.1475
50.02000 1984 44.5421
50.04000 2012 44.8553
50.06000 1882 43.382
50.08000 1898 43.566
50.10000 1902 43.6119
50.12000 1866 43.1972
50.14000 1796 42.3792
50.16000 1774 42.1189
50.18000 1795 42.3674
50.20000 1875 43.3013
50.22000 1816 42.6146
50.24000 1867 43.2088
50.26000 1900 43.589
50.28000 1845 42.9535
50.30000 1863 43.1625
50.32000 1916 43.7721
50.34000 1854 43.0581
50.36000 1794 42.3556
50.38000 1871 43.2551
50.40000 1914 43.7493
50.42000 1942 44.0681
50.44000 2026 45.0111
50.46000 1982 44.5197
50.48000 1990 44.6094
50.50000 1978 44.4747
50.52000 2036 45.1221
50.54000 1972 44.4072
50.56000 1972 44.4072
50.58000 2014 44.8776
50.60000 1978 44.4747
50.62000 2207 46.9787
50.64000 2066 45.4533
50.66000 2109 45.9239
50.68000 1969 44.3734
50.70000 2064 45.4313
50.72000 1963 44.3058
50.74000 2020 44.9444
50.76000 2005 44.7772
50.78000 2053 45.31
50.80000 1962 44.2945
50.82000 1934 43.9773
50.84000 2000 44.7214
50.86000 2049 45.2659
50.88000 1967 44.3509
50.90000 1991 44.6206
50.92000 1878 43.3359
50.94000 1946 44.1135
50.96000 1905 43.6463
50.98000 1812 42.5676
51.00000 1849 43
51.02000 1833 42.8135
51.04000 1960 44.2719
51.06000 1959 44.2606
51.08000 1875 43.3013
51.10000 1951 44.1701
51.12000 1980 44.4972
51.14000 1991 44.6206
51.16000 1929 43.9204
51.18000 2026 45.0111
51.20000 2093 45.7493
51.22000 2097 45.793
51.24000 2199 46.8935
51.26000 2175 46.6369
51.28000 2201 46.9148
51.30000 2176 46.6476
51.32000 2194 46.8402
51.34000 2301 47.9687
51.36000 2240 47.3286
51.38000 2450 49.4975
51.40000 2505 50.05
51.42000 2537 50.3686
51.44000 2692 51.8845
51.46000 2711 52.0673
51.48000 2655 51.5267
51.50000 2684 51.8073
51.52000 2595 50.9411
51.54000 2611 51.0979
51.56000 2508 50.0799
51.58000 2551 50.5074
51.60000 2485 49.8498
51.62000 2479 49.7896
51.64000 2465 49.6488
51.66000 2458 49.5782
51.68000 2483 49.8297
51.70000 2636 51.342
51.72000 2625 51.2348
51.74000 2672 51.6914
51.76000 2605 51.0392
51.78000 2646 51.4393
51.80000 2666 51.6333
51.82000 2684 51.8073
51.84000 2690 51.8652
51.86000 2597 50.9608
51.88000 2584 50.8331
51.90000 2511 50.1099
51.92000 2505 50.05
51.94000 2598 50.9706
51.96000 2386 48.8467
51.98000 2355 48.5283
52.00000 2314 48.1041
52.02000 2218 47.0956
52.04000 2276 47.7074
52.06000 2101 45.8367
52.08000 2098 45.8039
52.10000 2004 44.7661
52.12000 2036 45.1221
52.14000 1950 44.1588
52.16000 1942 44.0681
52.18000 1883 43.3935
52.20000 1966 44.3396
52.22000 1938 44.0227
52.24000 1882 43.382
52.26000 1936 44
52.28000 1915 43.7607
52.30000 1912 43.7264
52.32000 1988 44.587
52.34000 1967 44.3509
52.36000 2022 44.9667
52.38000 2048 45.2548
52.40000 2103 45.8585
52.42000 2006 44.7884
52.44000 2103 45.8585
52.46000 2087 45.6837
52.48000 2087 45.6837
52.50000 2061 45.3982
52.52000 2181 46.7012
52.54000 2194 46.8402
52.56000 2237 47.2969
52.58000 2166 46.5403
52.60000 2254 47.4763
52.62000 2315 48.1144
52.64000 2253 47.4658
52.66000 2274 47.6865
52.68000 2254 47.4763
52.70000 2315 48.1144
52.72000 2274 47.6865
52.74000 2332 48.2908
52.76000 2330 48.2701
52.78000 2287 47.8226
52.80000 2345 48.4252
52.82000 2381 48.7955
52.84000 2306 48.0208
52.86000 2424 49.2341
52.88000 2431 49.3052
52.90000 2442 49.4166
52.92000 2433 49.3254
52.94000 2438 49.3761
52.96000 2455 49.548
52.98000 2474 49.7393
53.00000 2354 48.518
53.02000 2270 47.6445
53.04000 2319 48.156
53.06000 2162 46.4973
53.08000 2119 46.0326
53.10000 1977 44.4635
53.12000 1917 43.7836
53.14000 1936 44
53.16000 1841 42.9069
53.18000 1766 42.0238
53.20000 1895 43.5316
53.22000 1796 42.3792
53.24000 1762 41.9762
53.26000 1804 42.4735
53.28000 1809 42.5323
53.30000 1672 40.8901
53.32000 1714 41.4005
53.34000 1722 41.497
53.36000 1707 41.3159
53.38000 1738 41.6893
53.40000 1639 40.4846
53.42000 1688 41.0853
53.44000 1632 40.398
53.46000 1722 41.497
53.48000 1730 41.5933
53.50000 1681 41
53.52000 1585 39.8121
53.54000 1663 40.7799
53.56000 1680 40.9878
53.58000 1709 41.3401
53.60000 1682 41.0122
53.62000 1680 40.9878
53.64000 1637 40.4599
53.66000 1672 40.8901
53.68000 1727 41.5572
53.70000 1712 41.3763
53.72000 1714 41.4005
53.74000 1748 41.8091
53.76000 1777 42.1545
53.78000 1818 42.638
53.80000 1818 42.638
53.82000 1811 42.5558
53.84000 1795 42.3674
53.86000 1811 42.5558
53.88000 1898 43.566
53.90000 1841 42.9069
53.92000 1860 43.1277
53.94000 1888 43.4511
53.96000 1854 43.0581
53.98000 1785 42.2493
54.00000 1773 42.107
54.02000 1756 41.9047
54.04000 1720 41.4729
54.06000 1720 41.4729
54.08000 1702 41.2553
54.10000 1791 42.3202
54.12000 1670 40.8656
54.14000 1731 41.6053
54.16000 1710 41.3521
54.18000 1702 41.2553
54.20000 1684 41.0366
54.22000 1658 40.7185
54.24000 1665 40.8044
54.26000 1711 41.3642
54.28000 1661 40.7554
54.30000 1693 41.1461
54.32000 1665 40.8044
54.34000 1587 39.8372
54.36000 1669 40.8534
54.38000 1668 40.8412
54.40000 1600 40
54.42000 1591 39.8873
54.44000 1573 39.6611
54.46000 1595 39.9375
54.48000 1566 39.5727
54.50000 1607 40.0874
54.52000 1526 39.064
54.54000 1588 39.8497
54.56000 1501 38.7427
54.58000 1544 39.2938
54.60000 1622 40.2741
54.62000 1583 39.7869
54.64000 1539 39.2301
54.66000 1591 39.8873
54.68000 1603 40.0375
54.70000 1522 39.0128
54.72000 1570 39.6232
54.74000 1575 39.6863
54.76000 1556 39.4462
54.78000 1593 39.9124
54.80000 1611 40.1373
54.82000 1565 39.5601
54.84000 1620 40.2492
54.86000 1600 40
54.88000 1623 40.2865
54.90000 1602 40.025
54.92000 1589 39.8623
54.94000 1698 41.2068
54.96000 1641 40.5093
54.98000 1688 41.0853
55.00000 1592 39.8999
55.02000 1665 40.8044
55.04000 1589 39.8623
55.06000 1675 40.9268
55.08000 1662 40.7676
55.10000 1622 40.2741
55.12000 1555 39.4335
55.14000 1647 40.5832
55.16000 1638 40.4722
55.18000 1622 40.2741
55.20000 1706 41.3038
55.22000 1637 40.4599
55.24000 1705 41.2916
55.26000 1734 41.6413
55.28000 1750 41.833
55.30000 1704 41.2795
55.32000 1741 41.7253
55.34000 1833 42.8135
55.36000 1815 42.6028
55.38000 1809 42.5323
55.40000 1806 42.4971
55.42000 1845 42.9535
55.44000 1820 42.6615
55.46000 1815 42.6028
55.48000 1690 41.1096
55.50000 1730 41.5933
55.52000 1683 41.0244
55.54000 1755 41.8927
55.56000 1712 41.3763
55.58000 1684 41.0366
55.60000 1643 40.5339
55.62000 1709 41.3401
55.64000 1661 40.7554
55.66000 1586 39.8246
55.68000 1641 40.5093
55.70000 1641 40.5093
55.72000 1575 39.6863
55.74000 1655 40.6817
55.76000 1561 39.5095
55.78000 1576 39.6989
55.80000 1563 39.5348
55.82000 1627 40.3361
55.84000 1511 38.8716
55.86000 1635 40.4351
55.88000 1635 40.4351
55.90000 1630 40.3733
55.92000 1656 40.694
55.94000 1623 40.2865
55.96000 1573 39.6611
55.98000 1605 40.0625
56.00000 1630 40.3733
56.02000 1654 40.6694
56.04000 1679 40.9756
56.06000 1660 40.7431
56.08000 1664 40.7922
56.10000 1670 40.8656
56.12000 1601 40.0125
56.14000 1541 39.2556
56.16000 1610 40.1248
56.18000 1542 39.2683
56.20000 1534 39.1663
56.22000 1532 39.1408
56.24000 1557 39.4588
56.26000 1526 39.064
56.28000 1582 39.7744
56.30000 1541 39.2556
56.32000 1578 39.724
56.34000 1581 39.7618
56.36000 1521 39
56.38000 1561 39.5095
56.40000 1611 40.1373
56.42000 1530 39.1152
56.44000 1607 40.0874
56.46000 1639 40.4846
56.48000 1614 40.1746
56.50000 1596 39.95
56.52000 1610 40.1248
56.54000 1704 41.2795
56.56000 1628 40.3485
56.58000 1661 40.7554
56.60000 1594 39.9249
56.62000 1672 40.8901
56.64000 1571 39.6358
56.66000 1654 40.6694
56.68000 1599 39.9875
56.70000 1576 39.6989
56.72000 1579 39.7366
56.74000 1562 39.5221
56.76000 1476 38.4187
56.78000 1573 39.6611
56.80000 1527 39.0768
56.82000 1524 39.0384
56.84000 1494 38.6523
56.86000 1547 39.3319
56.88000 1503 38.7685
56.90000 1493 38.6394
56.92000 1434 37.8682
56.94000 1442 37.9737
56.96000 1523 39.0256
56.98000 1533 39.1535
57.00000 1428 37.7889
57.02000 1466 38.2884
57.04000 1459 38.1969
57.06000 1444 38
57.08000 1494 38.6523
57.10000 1472 38.3667
57.12000 1515 38.923
57.14000 1520 38.9872
57.16000 1470 38.3406
57.18000 1474 38.3927
57.20000 1479 38.4578
57.22000 1478 38.4448
57.24000 1495 38.6652
57.26000 1561 39.5095
57.28000 1658 40.7185
57.30000 1608 40.0999
57.32000 1666 40.8167
57.34000 1688 41.0853
57.36000 1628 40.3485
57.38000 1687 41.0731
57.40000 1692 41.1339
57.42000 1650 40.6202
57.44000 1601 40.0125
57.46000 1616 40.1995
57.48000 1580 39.7492
57.50000 1565 39.5601
57.52000 1466 38.2884
57.54000 1450 38.0789
57.56000 1441 37.9605
57.58000 1466 38.2884
57.60000 1509 38.8458
57.62000 1468 38.3145
57.64000 1364 36.9324
57.66000 1469 38.3275
57.68000 1493 38.6394
57.70000 1455 38.1445
57.72000 1359 36.8646
57.74000 1410 37.55
57.76000 1401 37.4299
57.78000 1356 36.8239
57.80000 1394 37.3363
57.82000 1453 38.1182
57.84000 1392 37.3095
57.86000 1439 37.9342
57.88000 1421 37.6962
57.90000 1464 38.2623
57.92000 1429 37.8021
57.94000 1367 36.973
57.96000 1401 37.4299
57.98000 1421 37.6962
58.00000 1487 38.5616
58.02000 1298 36.0278
58.04000 1380 37.1484
58.06000 1360 36.8782
58.08000 1380 37.1484
58.10000 1422 37.7094
58.12000 1348 36.7151
58.14000 1360 36.8782
58.16000 1401 37.4299
58.18000 1373 37.054
58.20000 1423 37.7227
58.22000 1433 37.855
58.24000 1336 36.5513
58.26000 1417 37.6431
58.28000 1464 38.2623
58.30000 1490 38.6005
58.32000 1443 37.9868
58.34000 1458 38.1838
58.36000 1365 36.9459
58.38000 1462 38.2361
58.40000 1579 39.7366
58.42000 1431 37.8286
58.44000 1502 38.7556
58.46000 1519 38.9744
58.48000 1451 38.092
58.50000 1407 37.51
58.52000 1431 37.8286
58.54000 1475 38.4057
58.56000 1443 37.9868
58.58000 1430 37.8153
58.60000 1440 37.9473
58.62000 1492 38.6264
58.64000 1428 37.7889
58.66000 1468 38.3145
58.68000 1438 37.921
58.70000 1525 39.0512
58.72000 1502 38.7556
58.74000 1356 36.8239
58.76000 1434 37.8682
58.78000 1450 38.0789
58.80000 1438 37.921
58.82000 1352 36.7696
58.84000 1418 37.6563
58.86000 1468 38.3145
58.88000 1463 38.2492
58.90000 1419 37.6696
58.92000 1457 38.1707
58.94000 1384 37.2022
58.96000 1443 37.9868
58.98000 1469 38.3275
59.00000 1412 37.5766
59.02000 1362 36.9053
59.04000 1413 37.5899
59.06000 1493 38.6394
59.08000 1393 37.3229
59.10000 1459 38.1969
59.12000 1442 37.9737
59.14000 1424 37.7359
59.16000 1428 37.7889
59.18000 1348 36.7151
59.20000 1464 38.2623
59.22000 1352 36.7696
59.24000 1397 37.3765
59.26000 1347 36.7015
59.28000 1368 36.9865
59.30000 1325 36.4005
59.32000 1346 36.6879
59.34000 1338 36.5787
59.36000 1401 37.4299
59.38000 1399 37.4032
59.40000 1352 36.7696
59.42000 1343 36.647
59.44000 1394 37.3363
59.46000 1387 37.2424
59.48000 1433 37.855
59.50000 1322 36.3593
59.52000 1342 36.6333
59.54000 1428 37.7889
59.56000 1398 37.3898
59.58000 1373 37.054
59.60000 1303 36.0971
59.62000 1343 36.647
59.64000 1361 36.8917
59.66000 1326 36.4143
59.68000 1324 36.3868
59.70000 1294 35.9722
59.72000 1328 36.4417
59.74000 1342 36.6333
59.76000 1338 36.5787
59.78000 1346 36.6879
59.80000 1314 36.2491
59.82000 1323 36.3731
59.84000 1339 36.5923
59.86000 1304 36.1109
59.88000 1340 36.606
59.90000 1336 36.5513
59.92000 1309 36.1801
59.94000 1412 37.5766
59.96000 1362 36.9053
59.98000 1323 36.3731
60.00000 1290 35.9166
60.02000 1295 35.9861
60.04000 1366 36.9594
60.06000 1318 36.3043
60.08000 1306 36.1386
60.10000 1322 36.3593
60.12000 1328 36.4417
60.14000 1363 36.9188
60.16000 1316 36.2767
60.18000 1316 36.2767
60.20000 1328 36.4417
60.22000 1289 35.9026
60.24000 1322 36.3593
60.26000 1298 36.0278
60.28000 1340 36.606
60.30000 1318 36.3043
60.32000 1280 35.7771
60.34000 1341 36.6197
60.36000 1292 35.9444
60.38000 1338 36.5787
60.40000 1273 35.6791
60.42000 1234 35.1283
60.44000 1290 35.9166
60.46000 1279 35.7631
60.48000 1245 35.2846
60.50000 1330 36.4692
60.52000 1238 35.1852
60.54000 1248 35.327
60.56000 1309 36.1801
60.58000 1292 35.9444
60.60000 1303 36.0971
60.62000 1280 35.7771
60.64000 1298 36.0278
60.66000 1260 35.4965
60.68000 1271 35.6511
60.70000 1303 36.0971
60.72000 1251 35.3695
60.74000 1334 36.524
60.76000 1297 36.0139
60.78000 1284 35.8329
60.80000 1297 36.0139
60.82000 1289 35.9026
60.84000 1282 35.805
60.86000 1305 36.1248
60.88000 1295 35.9861
60.90000 1315 36.2629
60.92000 1257 35.4542
60.94000 1357 36.8375
60.96000 1308 36.1663
60.98000 1273 35.6791
61.00000 1257 35.4542
61.02000 1287 35.8748
61.04000 1288 35.8887
61.06000 1258 35.4683
61.08000 1269 35.623
61.10000 1308 36.1663
61.12000 1352 36.7696
61.14000 1322 36.3593
61.16000 1277 35.7351
61.18000 1334 36.524
61.20000 1292 35.9444
61.22000 1357 36.8375
61.24000 1344 36.6606
61.26000 1335 36.5377
61.28000 1344 36.6606
61.30000 1382 37.1753
61.32000 1329 36.4555
61.34000 1370 37.0135
61.36000 1316 36.2767
61.38000 1410 37.55
61.40000 1388 37.2559
61.42000 1434 37.8682
61.44000 1401 37.4299
61.46000 1445 38.0132
61.48000 1415 37.6165
61.50000 1437 37.9078
61.52000 1385 37.2156
61.54000 1412 37.5766
61.56000 1389 37.2693
61.58000 1462 38.2361
61.60000 1396 37.3631
61.62000 1398 37.3898
61.64000 1458 38.1838
61.66000 1370 37.0135
61.68000 1454 38.1314
61.70000 1379 37.1349
61.72000 1303 36.0971
61.74000 1363 36.9188
61.76000 1436 37.8946
61.78000 1388 37.2559
61.80000 1399 37.4032
61.82000 1310 36.1939
61.84000 1391 37.2961
61.86000 1441 37.9605
61.88000 1507 38.8201
61.90000 1473 38.3797
61.92000 1418 37.6563
61.94000 1531 39.128
61.96000 1451 38.092
61.98000 1459 38.1969
62.00000 1476 38.4187
62.02000 1431 37.8286
62.04000 1463 38.2492
62.06000 1413 37.5899
62.08000 1359 36.8646
62.10000 1369 37
62.12000 1408 37.5233
62.14000 1324 36.3868
62.16000 1330 36.4692
62.18000 1337 36.565
62.20000 1301 36.0694
62.22000 1409 37.5366
62.24000 1352 36.7696
62.26000 1331 36.4829
62.28000 1312 36.2215
62.30000 1275 35.7071
62.32000 1303 36.0971
62.34000 1356 36.8239
62.36000 1362 36.9053
62.38000 1347 36.7015
62.40000 1359 36.8646
62.42000 1332 36.4966
62.44000 1312 36.2215
62.46000 1333 36.5103
62.48000 1338 36.5787
62.50000 1341 36.6197
62.52000 1368 36.9865
62.54000 1364 36.9324
62.56000 1349 36.7287
62.58000 1378 37.1214
62.60000 1348 36.7151
62.62000 1325 36.4005
62.64000 1340 36.606
62.66000 1402 37.4433
62.68000 1399 37.4032
62.70000 1401 37.4299
62.72000 1430 37.8153
62.74000 1387 37.2424
62.76000 1429 37.8021
62.78000 1399 37.4032
62.80000 1387 37.2424
62.82000 1425 37.7492
62.84000 1410 37.55
62.86000 1464 38.2623
62.88000 1380 37.1484
62.90000 1359 36.8646
62.92000 1356 36.8239
62.94000 1343 36.647
62.96000 1289 35.9026
62.98000 1367 36.973
63.00000 1300 36.0555
63.02000 1328 36.4417
63.04000 1309 36.1801
63.06000 1307 36.1525
63.08000 1251 35.3695
63.10000 1283 35.819
63.12000 1318 36.3043
63.14000 1348 36.7151
63.16000 1278 35.7491
63.18000 1290 35.9166
63.20000 1343 36.647
63.22000 1306 36.1386
63.24000 1267 35.5949
63.26000 1277 35.7351
63.28000 1345 36.6742
63.30000 1283 35.819
63.32000 1291 35.9305
63.34000 1318 36.3043
63.36000 1355 36.8103
63.38000 1331 36.4829
63.40000 1269 35.623
63.42000 1328 36.4417
63.44000 1292 35.9444
63.46000 1256 35.4401
63.48000 1276 35.7211
63.50000 1242 35.242
63.52000 1266 35.5809
63.54000 1238 35.1852
63.56000 1282 35.805
63.58000 1240 35.2136
63.60000 1255 35.426
63.62000 1221 34.9428
63.64000 1237 35.171
63.66000 1247 35.3129
63.68000 1338 36.5787
63.70000 1248 35.327
63.72000 1293 35.9583
63.74000 1255 35.426
63.76000 1284 35.8329
63.78000 1268 35.609
63.80000 1229 35.0571
63.82000 1204 34.6987
63.84000 1284 35.8329
63.86000 1297 36.0139
63.88000 1309 36.1801
63.90000 1201 34.6554
63.92000 1206 34.7275
63.94000 1281 35.7911
63.96000 1221 34.9428
63.98000 1312 36.2215
64.00000 1177 34.3074
64.02000 1289 35.9026
64.04000 1226 35.0143
64.06000 1272 35.6651
64.08000 1293 35.9583
64.10000 1242 35.242
64.12000 1222 34.9571
64.14000 1264 35.5528
64.16000 1242 35.242
64.18000 1238 35.1852
64.20000 1286 35.8608
64.22000 1246 35.2987
64.24000 1242 35.242
64.26000 1228 35.0428
64.28000 1252 35.3836
64.30000 1258 35.4683
64.32000 1239 35.1994
64.34000 1232 35.0999
64.36000 1233 35.1141
64.38000 1267 35.5949
64.40000 1200 34.641
64.42000 1224 34.9857
64.44000 1248 35.327
64.46000 1268 35.609
64.48000 1263 35.5387
64.50000 1242 35.242
64.52000 1228 35.0428
64.54000 1257 35.4542
64.56000 1262 35.5246
64.58000 1303 36.0971
64.60000 1172 34.2345
64.62000 1294 35.9722
64.64000 1218 34.8999
64.66000 1228 35.0428
64.68000 1241 35.2278
64.70000 1268 35.609
64.72000 1211 34.7994
64.74000 1277 35.7351
64.76000 1266 35.5809
64.78000 1250 35.3553
64.80000 1281 35.7911
64.82000 1272 35.6651
64.84000 1286 35.8608
64.86000 1288 35.8887
64.88000 1293 35.9583
64.90000 1317 36.2905
64.92000 1274 35.6931
64.94000 1284 35.8329
64.96000 1281 35.7911
64.98000 1272 35.6651
65.00000 1186 34.4384
65.02000 1311 36.2077
65.04000 1293 35.9583
65.06000 1308 36.1663
65.08000 1282 35.805
65.10000 1280 35.7771
65.12000 1271 35.6511
65.14000 1220 34.9285
65.16000 1214 34.8425
65.18000 1240 35.2136
65.20000 1257 35.4542
65.22000 1293 35.9583
65.24000 1333 36.5103
65.26000 1285 35.8469
65.28000 1286 35.8608
65.30000 1322 36.3593
65.32000 1273 35.6791
65.34000 1270 35.6371
65.36000 1352 36.7696
65.38000 1275 35.7071
65.40000 1267 35.5949
65.42000 1213 34.8281
65.44000 1254 35.4119
65.46000 1217 34.8855
65.48000 1326 36.4143
65.50000 1211 34.7994
65.52000 1249 35.3412
65.54000 1189 34.4819
65.56000 1233 35.1141
65.58000 1254 35.4119
65.60000 1213 34.8281
65.62000 1275 35.7071
65.64000 1212 34.8138
65.66000 1286 35.8608
65.68000 1199 34.6266
65.70000 1243 35.2562
65.72000 1219 34.9142
65.74000 1308 36.1663
65.76000 1182 34.3802
65.78000 1202 34.6699
65.80000 1259 35.4824
65.82000 1277 35.7351
65.84000 1304 36.1109
65.86000 1350 36.7423
65.88000 1254 35.4119
65.90000 1254 35.4119
65.92000 1273 35.6791
65.94000 1302 36.0832
65.96000 1230 35.0714
65.98000 1229 35.0571
66.00000 1257 35.4542
66.02000 1232 35.0999
66.04000 1300 36.0555
66.06000 1271 35.6511
66.08000 1228 35.0428
66.10000 1238 35.1852
66.12000 1166 34.1467
66.14000 1180 34.3511
66.16000 1285 35.8469
66.18000 1186 34.4384
66.20000 1231 35.0856
66.22000 1216 34.8712
66.24000 1253 35.3977
66.26000 1216 34.8712
66.28000 1271 35.6511
66.30000 1231 35.0856
66.32000 1183 34.3948
66.34000 1217 34.8855
66.36000 1276 35.7211
66.38000 1204 34.6987
66.40000 1261 35.5106
66.42000 1222 34.9571
66.44000 1201 34.6554
66.46000 1288 35.8887
66.48000 1249 35.3412
66.50000 1246 35.2987
66.52000 1214 34.8425
66.54000 1217 34.8855
66.56000 1210 34.7851
66.58000 1215 34.8569
66.60000 1220 34.9285
66.62000 1191 34.5109
66.64000 1173 34.2491
66.66000 1193 34.5398
66.68000 1163 34.1028
66.70000 1225 35
66.72000 1276 35.7211
66.74000 1294 35.9722
66.76000 1297 36.0139
66.78000 1232 35.0999
66.80000 1324 36.3868
66.82000 1237 35.171
66.84000 1248 35.327
66.86000 1218 34.8999
66.88000 1242 35.242
66.90000 1226 35.0143
66.92000 1254 35.4119
66.94000 1255 35.426
66.96000 1191 34.5109
66.98000 1225 35
67.00000 1254 35.4119
67.02000 1216 34.8712
67.04000 1274 35.6931
67.06000 1216 34.8712
67.08000 1267 35.5949
67.10000 1226 35.0143
67.12000 1215 34.8569
67.14000 1243 35.2562
67.16000 1166 34.1467
67.18000 1224 34.9857
67.20000 1267 35.5949
67.22000 1302 36.0832
67.24000 1265 35.5668
67.26000 1147 33.8674
67.28000 1291 35.9305
67.30000 1223 34.9714
67.32000 1174 34.2637
67.34000 1255 35.426
67.36000 1254 35.4119
67.38000 1262 35.5246
67.40000 1197 34.5977
67.42000 1210 34.7851
67.44000 1259 35.4824
67.46000 1258 35.4683
67.48000 1308 36.1663
67.50000 1174 34.2637
67.52000 1163 34.1028
67.54000 1274 35.6931
67.56000 1203 34.6843
67.58000 1232 35.0999
67.60000 1259 35.4824
67.62000 1153 33.9559
67.64000 1258 35.4683
67.66000 1244 35.2704
67.68000 1268 35.609
67.70000 1273 35.6791
67.72000 1211 34.7994
67.74000 1219 34.9142
67.76000 1216 34.8712
67.78000 1303 36.0971
67.80000 1303 36.0971
67.82000 1232 35.0999
67.84000 1288 35.8887
67.86000 1311 36.2077
67.88000 1289 35.9026
67.90000 1275 35.7071
67.92000 1281 35.7911
67.94000 1246 35.2987
67.96000 1221 34.9428
67.98000 1242 35.242
68.00000 1272 35.6651
68.02000 1257 35.4542
68.04000 1246 35.2987
68.06000 1272 35.6651
68.08000 1252 35.3836
68.10000 1287 35.8748
68.12000 1233 35.1141
68.14000 1188 34.4674
68.16000 1209 34.7707
68.18000 1226 35.0143
68.20000 1244 35.2704
68.22000 1242 35.242
68.24000 1228 35.0428
68.26000 1272 35.6651
68.28000 1306 36.1386
68.30000 1188 34.4674
68.32000 1266 35.5809
68.34000 1225 35
68.36000 1291 35.9305
68.38000 1238 35.1852
68.40000 1208 34.7563
68.42000 1229 35.0571
68.44000 1226 35.0143
68.46000 1220 34.9285
68.48000 1235 35.1426
68.50000 1230 35.0714
68.52000 1183 34.3948
68.54000 1230 35.0714
68.56000 1233 35.1141
68.58000 1244 35.2704
68.60000 1179 34.3366
68.62000 1250 35.3553
68.64000 1250 35.3553
68.66000 1242 35.242
68.68000 1193 34.5398
68.70000 1216 34.8712
68.72000 1245 35.2846
68.74000 1243 35.2562
68.76000 1301 36.0694
68.78000 1267 35.5949
68.80000 1256 35.4401
68.82000 1298 36.0278
68.84000 1333 36.5103
68.86000 1358 36.8511
68.88000 1322 36.3593
68.90000 1353 36.7831
68.92000 1371 37.027
68.94000 1366 36.9594
68.96000 1381 37.1618
68.98000 1397 37.3765
69.00000 1293 35.9583
69.02000 1235 35.1426
69.04000 1366 36.9594
69.06000 1323 36.3731
69.08000 1276 35.7211
69.10000 1216 34.8712
69.12000 1296 36
69.14000 1267 35.5949
69.16000 1267 35.5949
69.18000 1303 36.0971
69.20000 1315 36.2629
69.22000 1256 35.4401
69.24000 1246 35.2987
69.26000 1304 36.1109
69.28000 1197 34.5977
69.30000 1178 34.322
69.32000 1281 35.7911
69.34000 1264 35.5528
69.36000 1301 36.0694
69.38000 1272 35.6651
69.40000 1256 35.4401
69.42000 1276 35.7211
69.44000 1279 35.7631
69.46000 1227 35.0286
69.48000 1264 35.5528
69.50000 1200 34.641
69.52000 1221 34.9428
69.54000 1228 35.0428
69.56000 1283 35.819
69.58000 1265 35.5668
69.60000 1285 35.8469
69.62000 1199 34.6266
69.64000 1239 35.1994
69.66000 1232 35.0999
69.68000 1211 34.7994
69.70000 1255 35.426
69.72000 1219 34.9142
69.74000 1228 35.0428
69.76000 1309 36.1801
69.78000 1237 35.171
69.80000 1249 35.3412
69.82000 1246 35.2987
69.84000 1259 35.4824
69.86000 1215 34.8569
69.88000 1292 35.9444
69.90000 1254 35.4119
69.92000 1190 34.4964
69.94000 1297 36.0139
69.96000 1171 34.2199
69.98000 1251 35.3695
70.00000 1289 35.9026
70.02000 1235 35.1426
70.04000 1226 35.0143
70.06000 1240 35.2136
70.08000 1271 35.6511
70.10000 1311 36.2077
70.12000 1374 37.0675
70.14000 1307 36.1525
70.16000 1366 36.9594
70.18000 1315 36.2629
70.20000 1345 36.6742
70.22000 1349 36.7287
70.24000 1349 36.7287
70.26000 1250 35.3553
70.28000 1317 36.2905
70.30000 1208 34.7563
70.32000 1260 35.4965
70.34000 1352 36.7696
70.36000 1300 36.0555
70.38000 1227 35.0286
70.40000 1277 35.7351
70.42000 1256 35.4401
70.44000 1339 36.5923
70.46000 1308 36.1663
70.48000 1299 36.0416
70.50000 1239 35.1994
70.52000 1293 35.9583
70.54000 1234 35.1283
70.56000 1229 35.0571
70.58000 1271 35.6511
70.60000 1290 35.9166
70.62000 1235 35.1426
70.64000 1213 34.8281
70.66000 1291 35.9305
70.68000 1145 33.8378
70.70000 1228 35.0428
70.72000 1219 34.9142
70.74000 1278 35.7491
70.76000 1215 34.8569
70.78000 1212 34.8138
70.80000 1247 35.3129
70.82000 1241 35.2278
70.84000 1349 36.7287
70.86000 1233 35.1141
70.88000 1230 35.0714
70.90000 1209 34.7707
70.92000 1222 34.9571
70.94000 1273 35.6791
70.96000 1295 35.9861
70.98000 1309 36.1801
71.00000 1253 35.3977
71.02000 1224 34.9857
71.04000 1235 35.1426
71.06000 1236 35.1568
71.08000 1242 35.242
71.10000 1217 34.8855
71.12000 1249 35.3412
71.14000 1202 34.6699
71.16000 1273 35.6791
71.18000 1261 35.5106
71.20000 1288 35.8887
71.22000 1238 35.1852
71.24000 1238 35.1852
71.26000 1294 35.9722
71.28000 1263 35.5387
71.30000 1315 36.2629
71.32000 1252 35.3836
71.34000 1279 35.7631
71.36000 1281 35.7911
71.38000 1309 36.1801
71.40000 1303 36.0971
71.42000 1333 36.5103
71.44000 1312 36.2215
71.46000 1308 36.1663
71.48000 1292 35.9444
71.50000 1261 35.5106
71.52000 1312 36.2215
71.54000 1255 35.426
71.56000 1286 35.8608
71.58000 1277 35.7351
71.60000 1318 36.3043
71.62000 1306 36.1386
71.64000 1230 35.0714
71.66000 1308 36.1663
71.68000 1251 35.3695
71.70000 1276 35.7211
71.72000 1184 34.4093
71.74000 1250 35.3553
71.76000 1318 36.3043
71.78000 1253 35.3977
71.80000 1184 34.4093
71.82000 1300 36.0555
71.84000 1292 35.9444
71.86000 1303 36.0971
71.88000 1251 35.3695
71.90000 1255 35.426
71.92000 1223 34.9714
71.94000 1270 35.6371
71.96000 1258 35.4683
71.98000 1294 35.9722
72.00000 1287 35.8748
72.02000 1301 36.0694
72.04000 1307 36.1525
72.06000 1305 36.1248
72.08000 1285 35.8469
72.10000 1252 35.3836
72.12000 1244 35.2704
72.14000 1258 35.4683
72.16000 1253 35.3977
72.18000 1213 34.8281
72.20000 1225 35
72.22000 1198 34.6121
72.24000 1222 34.9571
72.26000 1287 35.8748
72.28000 1251 35.3695
72.30000 1182 34.3802
72.32000 1274 35.6931
72.34000 1305 36.1248
72.36000 1254 35.4119
72.38000 1232 35.0999
72.40000 1273 35.6791
72.42000 1274 35.6931
72.44000 1235 35.1426
72.46000 1173 34.2491
72.48000 1242 35.242
72.50000 1266 35.5809
72.52000 1272 35.6651
72.54000 1229 35.0571
72.56000 1282 35.805
72.58000 1207 34.7419
72.60000 1295 35.9861
72.62000 1278 35.7491
72.64000 1258 35.4683
72.66000 1259 35.4824
72.68000 1239 35.1994
72.70000 1239 35.1994
72.72000 1336 36.5513
72.74000 1310 36.1939
72.76000 1277 35.7351
72.78000 1328 36.4417
72.80000 1286 35.8608
72.82000 1249 35.3412
72.84000 1232 35.0999
72.86000 1257 35.4542
72.88000 1285 35.8469
72.90000 1279 35.7631
72.92000 1299 36.0416
72.94000 1360 36.8782
72.96000 1259 35.4824
72.98000 1265 35.5668
73.00000 1320 36.3318
73.02000 1248 35.327
73.04000 1309 36.1801
73.06000 1306 36.1386
73.08000 1238 35.1852
73.10000 1260 35.4965
73.12000 1304 36.1109
73.14000 1243 35.2562
73.16000 1207 34.7419
73.18000 1290 35.9166
73.20000 1230 35.0714
73.22000 1297 36.0139
73.24000 1282 35.805
73.26000 1276 35.7211
73.28000 1242 35.242
73.30000 1254 35.4119
73.32000 1255 35.426
73.34000 1222 34.9571
73.36000 1304 36.1109
73.38000 1240 35.2136
73.40000 1258 35.4683
73.42000 1288 35.8887
73.44000 1275 35.7071
73.46000 1254 35.4119
73.48000 1239 35.1994
73.50000 1253 35.3977
73.52000 1214 34.8425
73.54000 1273 35.6791
73.56000 1263 35.5387
73.58000 1203 34.6843
73.60000 1290 35.9166
73.62000 1289 35.9026
73.64000 1310 36.1939
73.66000 1309 36.1801
73.68000 1266 35.5809
73.70000 1197 34.5977
73.72000 1265 35.5668
73.74000 1254 35.4119
73.76000 1255 35.426
73.78000 1296 36
73.80000 1290 35.9166
73.82000 1302 36.0832
73.84000 1349 36.7287
73.86000 1295 35.9861
73.88000 1296 36
73.90000 1223 34.9714
73.92000 1343 36.647
73.94000 1317 36.2905
73.96000 1246 35.2987
73.98000 1300 36.0555
74.00000 1320 36.3318
74.02000 1312 36.2215
74.04000 1325 36.4005
74.06000 1376 37.0945
74.08000 1285 35.8469
74.10000 1245 35.2846
74.12000 1299 36.0416
74.14000 1342 36.6333
74.16000 1312 36.2215
74.18000 1361 36.8917
74.20000 1288 35.8887
74.22000 1337 36.565
74.24000 1331 36.4829
74.26000 1314 36.2491
74.28000 1301 36.0694
74.30000 1396 37.3631
74.32000 1363 36.9188
74.34000 1321 36.3456
74.36000 1435 37.8814
74.38000 1415 37.6165
74.40000 1398 37.3898
74.42000 1419 37.6696
74.44000 1451 38.092
74.46000 1377 37.108
74.48000 1431 37.8286
74.50000 1400 37.4166
74.52000 1400 37.4166
74.54000 1431 37.8286
74.56000 1409 37.5366
74.58000 1349 36.7287
74.60000 1355 36.8103
74.62000 1452 38.1051
74.64000 1358 36.8511
74.66000 1315 36.2629
74.68000 1419 37.6696
74.70000 1363 36.9188
74.72000 1407 37.51
74.74000 1393 37.3229
74.76000 1364 36.9324
74.78000 1372 37.0405
74.80000 1336 36.5513
74.82000 1396 37.3631
74.84000 1363 36.9188
74.86000 1360 36.8782
74.88000 1365 36.9459
74.90000 1274 35.6931
74.92000 1372 37.0405
74.94000 1395 37.3497
74.96000 1253 35.3977
74.98000 1330 36.4692
75.00000 1296 36
75.02000 1360 36.8782
75.04000 1338 36.5787
75.06000 1406 37.4967
75.08000 1338 36.5787
75.10000 1317 36.2905
75.12000 1341 36.6197
75.14000 1430 37.8153
75.16000 1401 37.4299
75.18000 1427 37.7757
75.20000 1455 38.1445
75.22000 1479 38.4578
75.24000 1473 38.3797
75.26000 1525 39.0512
75.28000 1513 38.8973
75.30000 1489 38.5876
75.32000 1507 38.8201
75.34000 1472 38.3667
75.36000 1508 38.833
75.38000 1495 38.6652
75.40000 1431 37.8286
75.42000 1457 38.1707
75.44000 1468 38.3145
75.46000 1409 37.5366
75.48000 1375 37.081
75.50000 1386 37.229
75.52000 1289 35.9026
75.54000 1326 36.4143
75.56000 1401 37.4299
75.58000 1327 36.428
75.60000 1434 37.8682
75.62000 1396 37.3631
75.64000 1401 37.4299
75.66000 1423 37.7227
75.68000 1415 37.6165
75.70000 1432 37.8418
75.72000 1337 36.565
75.74000 1343 36.647
75.76000 1399 37.4032
75.78000 1389 37.2693
75.80000 1381 37.1618
75.82000 1376 37.0945
75.84000 1360 36.8782
75.86000 1347 36.7015
75.88000 1424 37.7359
75.90000 1289 35.9026
75.92000 1307 36.1525
75.94000 1318 36.3043
75.96000 1355 36.8103
75.98000 1340 36.606
76.00000 1373 37.054
76.02000 1313 36.2353
76.04000 1326 36.4143
76.06000 1273 35.6791
76.08000 1285 35.8469
76.10000 1262 35.5246
76.12000 1340 36.606
76.14000 1373 37.054
76.16000 1360 36.8782
76.18000 1284 35.8329
76.20000 1321 36.3456
76.22000 1359 36.8646
76.24000 1341 36.6197
76.26000 1292 35.9444
76.28000 1327 36.428
76.30000 1318 36.3043
76.32000 1345 36.6742
76.34000 1345 36.6742
76.36000 1399 37.4032
76.38000 1437 37.9078
76.40000 1231 35.0856
76.42000 1306 36.1386
76.44000 1342 36.6333
76.46000 1291 35.9305
76.48000 1311 36.2077
76.50000 1302 36.0832
76.52000 1317 36.2905
76.54000 1302 36.0832
76.56000 1287 35.8748
76.58000 1334 36.524
76.60000 1315 36.2629
76.62000 1353 36.7831
76.64000 1303 36.0971
76.66000 1378 37.1214
76.68000 1324 36.3868
76.70000 1304 36.1109
76.72000 1220 34.9285
76.74000 1324 36.3868
76.76000 1342 36.6333
76.78000 1337 36.565
76.80000 1332 36.4966
76.82000 1353 36.7831
76.84000 1335 36.5377
76.86000 1407 37.51
76.88000 1270 35.6371
76.90000 1325 36.4005
76.92000 1331 36.4829
76.94000 1354 36.7967
76.96000 1395 37.3497
76.98000 1299 36.0416
77.00000 1297 36.0139
77.02000 1373 37.054
77.04000 1425 37.7492
77.06000 1352 36.7696
77.08000 1352 36.7696
77.10000 1358 36.8511
77.12000 1282 35.805
77.14000 1340 36.606
77.16000 1286 35.8608
77.18000 1298 36.0278
77.20000 1319 36.318
77.22000 1332 36.4966
77.24000 1317 36.2905
77.26000 1293 35.9583
77.28000 1306 36.1386
77.30000 1333 36.5103
77.32000 1286 35.8608
77.34000 1340 36.606
77.36000 1352 36.7696
77.38000 1292 35.9444
77.40000 1373 37.054
77.42000 1443 37.9868
77.44000 1422 37.7094
77.46000 1403 37.4566
77.48000 1326 36.4143
77.50000 1346 36.6879
77.52000 1435 37.8814
77.54000 1457 38.1707
77.56000 1406 37.4967
77.58000 1394 37.3363
77.60000 1448 38.0526
77.62000 1411 37.5633
77.64000 1417 37.6431
77.66000 1360 36.8782
77.68000 1463 38.2492
77.70000 1356 36.8239
77.72000 1436 37.8946
77.74000 1473 38.3797
77.76000 1368 36.9865
77.78000 1441 37.9605
77.80000 1487 38.5616
77.82000 1459 38.1969
77.84000 1433 37.855
77.86000 1449 38.0657
77.88000 1397 37.3765
77.90000 1462 38.2361
77.92000 1441 37.9605
77.94000 1428 37.7889
77.96000 1406 37.4967
77.98000 1409 37.5366
78.00000 1474 38.3927
78.02000 1324 36.3868
78.04000 1396 37.3631
78.06000 1389 37.2693
78.08000 1385 37.2156
78.10000 1454 38.1314
78.12000 1440 37.9473
78.14000 1383 37.1887
78.16000 1404 37.47
78.18000 1511 38.8716
78.20000 1473 38.3797
78.22000 1445 38.0132
78.24000 1514 38.9102
78.26000 1487 38.5616
78.28000 1425 37.7492
78.30000 1427 37.7757
78.32000 1431 37.8286
78.34000 1515 38.923
78.36000 1488 38.5746
78.38000 1402 37.4433
78.40000 1439 37.9342
78.42000 1469 38.3275
78.44000 1442 37.9737
78.46000 1426 37.7624
78.48000 1368 36.9865
78.50000 1334 36.524
78.52000 1395 37.3497
78.54000 1397 37.3765
78.56000 1379 37.1349
78.58000 1386 37.229
78.60000 1427 37.7757
78.62000 1357 36.8375
78.64000 1409 37.5366
78.66000 1397 37.3765
78.68000 1364 36.9324
78.70000 1365 36.9459
78.72000 1355 36.8103
78.74000 1383 37.1887
78.76000 1468 38.3145
78.78000 1407 37.51
78.80000 1447 38.0395
78.82000 1423 37.7227
78.84000 1435 37.8814
78.86000 1528 39.0896
78.88000 1541 39.2556
78.90000 1519 38.9744
78.92000 1462 38.2361
78.94000 1406 37.4967
78.96000 1460 38.2099
78.98000 1446 38.0263
79.00000 1414 37.6032
79.02000 1400 37.4166
79.04000 1404 37.47
79.06000 1408 37.5233
79.08000 1438 37.921
79.10000 1438 37.921
79.12000 1439 37.9342
79.14000 1405 37.4833
79.16000 1433 37.855
79.18000 1374 37.0675
79.20000 1274 35.6931
79.22000 1392 37.3095
79.24000 1423 37.7227
79.26000 1317 36.2905
79.28000 1346 36.6879
79.30000 1330 36.4692
79.32000 1318 36.3043
79.34000 1379 37.1349
79.36000 1392 37.3095
79.38000 1446 38.0263
79.40000 1426 37.7624
79.42000 1326 36.4143
79.44000 1381 37.1618
79.46000 1387 37.2424
79.48000 1431 37.8286
79.50000 1307 36.1525
79.52000 1444 38
79.54000 1421 37.6962
79.56000 1427 37.7757
79.58000 1369 37
79.60000 1367 36.973
79.62000 1379 37.1349
79.64000 1362 36.9053
79.66000 1421 37.6962
79.68000 1435 37.8814
79.70000 1372 37.0405
79.72000 1386 37.229
79.74000 1405 37.4833
79.76000 1412 37.5766
79.78000 1387 37.2424
79.80000 1429 37.8021
79.82000 1378 37.1214
79.84000 1364 36.9324
79.86000 1469 38.3275
79.88000 1424 37.7359
79.90000 1382 37.1753
79.92000 1363 36.9188
79.94000 1424 37.7359
79.96000 1377 37.108
79.98000 1337 36.565
80.00000 1427 37.7757
80.02000 1509 38.8458
80.04000 1376 37.0945
80.06000 1442 37.9737
80.08000 1387 37.2424
80.10000 1427 37.7757
80.12000 1462 38.2361
80.14000 1331 36.4829
80.16000 1400 37.4166
80.18000 1380 37.1484
80.20000 1391 37.2961
80.22000 1401 37.4299
80.24000 1431 37.8286
80.26000 1391 37.2961
80.28000 1399 37.4032
80.30000 1430 37.8153
80.32000 1375 37.081
80.34000 1428 37.7889
80.36000 1427 37.7757
80.38000 1452 38.1051
80.40000 1399 37.4032
80.42000 1423 37.7227
80.44000 1493 38.6394
80.46000 1557 39.4588
80.48000 1532 39.1408
80.50000 1565 39.5601
80.52000 1528 39.0896
80.54000 1560 39.4968
80.56000 1556 39.4462
80.58000 1568 39.598
80.60000 1650 40.6202
80.62000 1524 39.0384
80.64000 1566 39.5727
80.66000 1635 40.4351
80.68000 1603 40.0375
80.70000 1617 40.2119
80.72000 1642 40.5216
80.74000 1611 40.1373
80.76000 1627 40.3361
80.78000 1615 40.1871
80.80000 1627 40.3361
80.82000 1504 38.7814
80.84000 1565 39.5601
80.86000 1566 39.5727
80.88000 1551 39.3827
80.90000 1549 39.3573
80.92000 1555 39.4335
80.94000 1461 38.223
80.96000 1465 38.2753
80.98000 1513 38.8973
81.00000 1472 38.3667
81.02000 1476 38.4187
81.04000 1451 38.092
81.06000 1492 38.6264
81.08000 1450 38.0789
81.10000 1408 37.5233
81.12000 1425 37.7492
81.14000 1360 36.8782
81.16000 1439 37.9342
81.18000 1421 37.6962
81.20000 1487 38.5616
81.22000 1440 37.9473
81.24000 1498 38.704
81.26000 1482 38.4968
81.28000 1413 37.5899
81.30000 1434 37.8682
81.32000 1399 37.4032
81.34000 1433 37.855
81.36000 1412 37.5766
81.38000 1474 38.3927
81.40000 1404 37.47
81.42000 1418 37.6563
81.44000 1471 38.3536
81.46000 1406 37.4967
81.48000 1375 37.081
81.50000 1376 37.0945
81.52000 1373 37.054
81.54000 1381 37.1618
81.56000 1360 36.8782
81.58000 1387 37.2424
81.60000 1396 37.3631
81.62000 1447 38.0395
81.64000 1414 37.6032
81.66000 1386 37.229
81.68000 1405 37.4833
81.70000 1364 36.9324
81.72000 1455 38.1445
81.74000 1304 36.1109
81.76000 1415 37.6165
81.78000 1369 37
81.80000 1407 37.51
81.82000 1343 36.647
81.84000 1443 37.9868
81.86000 1403 37.4566
81.88000 1500 38.7298
81.90000 1412 37.5766
81.92000 1404 37.47
81.94000 1440 37.9473
81.96000 1438 37.921
81.98000 1441 37.9605
82.00000 1402 37.4433
82.02000 1370 37.0135
82.04000 1402 37.4433
82.06000 1450 38.0789
82.08000 1413 37.5899
82.10000 1398 37.3898
82.12000 1459 38.1969
82.14000 1359 36.8646
82.16000 1403 37.4566
82.18000 1429 37.8021
82.20000 1348 36.7151
82.22000 1387 37.2424
82.24000 1433 37.855
82.26000 1467 38.3014
82.28000 1452 38.1051
82.30000 1448 38.0526
82.32000 1432 37.8418
82.34000 1415 37.6165
82.36000 1523 39.0256
82.38000 1444 38
82.40000 1472 38.3667
82.42000 1470 38.3406
82.44000 1454 38.1314
82.46000 1536 39.1918
82.48000 1482 38.4968
82.50000 1552 39.3954
82.52000 1514 38.9102
82.54000 1463 38.2492
82.56000 1529 39.1024
82.58000 1483 38.5097
82.60000 1472 38.3667
82.62000 1496 38.6782
82.64000 1562 39.5221
82.66000 1456 38.1576
82.68000 1560 39.4968
82.70000 1466 38.2884
82.72000 1499 38.7169
82.74000 1497 38.6911
82.76000 1411 37.5633
82.78000 1431 37.8286
82.80000 1492 38.6264
82.82000 1408 37.5233
82.84000 1496 38.6782
82.86000 1510 38.8587
82.88000 1533 39.1535
82.90000 1518 38.9615
82.92000 1381 37.1618
82.94000 1463 38.2492
82.96000 1471 38.3536
82.98000 1505 38.7943
83.00000 1439 37.9342
83.02000 1445 38.0132
83.04000 1498 38.704
83.06000 1495 38.6652
83.08000 1519 38.9744
83.10000 1529 39.1024
83.12000 1497 38.6911
83.14000 1534 39.1663
83.16000 1584 39.7995
83.18000 1505 38.7943
83.20000 1553 39.4081
83.22000 1475 38.4057
83.24000 1432 37.8418
83.26000 1538 39.2173
83.28000 1453 38.1182
83.30000 1490 38.6005
83.32000 1483 38.5097
83.34000 1497 38.6911
83.36000 1484 38.5227
83.38000 1446 38.0263
83.40000 1536 39.1918
83.42000 1475 38.4057
83.44000 1421 37.6962
83.46000 1480 38.4708
83.48000 1513 38.8973
83.50000 1443 37.9868
83.52000 1438 37.921
83.54000 1448 38.0526
83.56000 1459 38.1969
83.58000 1404 37.47
83.60000 1441 37.9605
83.62000 1441 37.9605
83.64000 1417 37.6431
83.66000 1393 37.3229
83.68000 1366 36.9594
83.70000 1439 37.9342
83.72000 1317 36.2905
83.74000 1412 37.5766
83.76000 1406 37.4967
83.78000 1453 38.1182
83.80000 1359 36.8646
83.82000 1372 37.0405
83.84000 1384 37.2022
83.86000 1403 37.4566
83.88000 1378 37.1214
83.90000 1393 37.3229
83.92000 1377 37.108
83.94000 1405 37.4833
83.96000 1335 36.5377
83.98000 1430 37.8153
84.00000 1421 37.6962
84.02000 1411 37.5633
84.04000 1401 37.4299
84.06000 1377 37.108
84.08000 1359 36.8646
84.10000 1406 37.4967
84.12000 1363 36.9188
84.14000 1375 37.081
84.16000 1382 37.1753
84.18000 1393 37.3229
84.20000 1372 37.0405
84.22000 1406 37.4967
84.24000 1450 38.0789
84.26000 1400 37.4166
84.28000 1352 36.7696
84.30000 1416 37.6298
84.32000 1398 37.3898
84.34000 1415 37.6165
84.36000 1414 37.6032
84.38000 1497 38.6911
84.40000 1438 37.921
84.42000 1481 38.4838
84.44000 1425 37.7492
84.46000 1438 37.921
84.48000 1395 37.3497
84.50000 1400 37.4166
84.52000 1380 37.1484
84.54000 1445 38.0132
84.56000 1462 38.2361
84.58000 1451 38.092
84.60000 1479 38.4578
84.62000 1491 38.6135
84.64000 1417 37.6431
84.66000 1435 37.8814
84.68000 1468 38.3145
84.70000 1457 38.1707
84.72000 1486 38.5487
84.74000 1490 38.6005
84.76000 1519 38.9744
84.78000 1539 39.2301
84.80000 1480 38.4708
84.82000 1492 38.6264
84.84000 1542 39.2683
84.86000 1605 40.0625
84.88000 1519 38.9744
84.90000 1517 38.9487
84.92000 1505 38.7943
84.94000 1549 39.3573
84.96000 1552 39.3954
84.98000 1483 38.5097
85.00000 1516 38.9358
85.02000 1436 37.8946
85.04000 1491 38.6135
85.06000 1434 37.8682
85.08000 1413 37.5899
85.10000 1435 37.8814
85.12000 1406 37.4967
85.14000 1411 37.5633
85.16000 1447 38.0395
85.18000 1339 36.5923
85.20000 1323 36.3731
85.22000 1468 38.3145
85.24000 1343 36.647
85.26000 1392 37.3095
85.28000 1409 37.5366
85.30000 1449 38.0657
85.32000 1362 36.9053
85.34000 1375 37.081
85.36000 1346 36.6879
85.38000 1422 37.7094
85.40000 1369 37
85.42000 1376 37.0945
85.44000 1356 36.8239
85.46000 1367 36.973
85.48000 1395 37.3497
85.50000 1356 36.8239
85.52000 1362 36.9053
85.54000 1400 37.4166
85.56000 1431 37.8286
85.58000 1355 36.8103
85.60000 1433 37.855
85.62000 1402 37.4433
85.64000 1397 37.3765
85.66000 1430 37.8153
85.68000 1441 37.9605
85.70000 1443 37.9868
85.72000 1461 38.223
85.74000 1420 37.6829
85.76000 1430 37.8153
85.78000 1474 38.3927
85.80000 1446 38.0263
85.82000 1335 36.5377
85.84000 1416 37.6298
85.86000 1406 37.4967
85.88000 1421 37.6962
85.90000 1496 38.6782
85.92000 1436 37.8946
85.94000 1450 38.0789
85.96000 1401 37.4299
85.98000 1394 37.3363
86.00000 1348 36.7151
86.02000 1376 37.0945
86.04000 1383 37.1887
86.06000 1431 37.8286
86.08000 1385 37.2156
86.10000 1430 37.8153
86.12000 1409 37.5366
86.14000 1411 37.5633
86.16000 1389 37.2693
86.18000 1417 37.6431
86.20000 1443 37.9868
86.22000 1430 37.8153
86.24000 1352 36.7696
86.26000 1410 37.55
86.28000 1428 37.7889
86.30000 1353 36.7831
86.32000 1404 37.47
86.34000 1414 37.6032
86.36000 1409 37.5366
86.38000 1325 36.4005
86.40000 1422 37.7094
86.42000 1365 36.9459
86.44000 1365 36.9459
86.46000 1427 37.7757
86.48000 1352 36.7696
86.50000 1377 37.108
86.52000 1366 36.9594
86.54000 1416 37.6298
86.56000 1338 36.5787
86.58000 1436 37.8946
86.60000 1386 37.229
86.62000 1404 37.47
86.64000 1368 36.9865
86.66000 1354 36.7967
86.68000 1396 37.3631
86.70000 1363 36.9188
86.72000 1408 37.5233
86.74000 1431 37.8286
86.76000 1498 38.704
86.78000 1421 37.6962
86.80000 1490 38.6005
86.82000 1456 38.1576
86.84000 1417 37.6431
86.86000 1433 37.855
86.88000 1355 36.8103
86.90000 1380 37.1484
86.92000 1384 37.2022
86.94000 1349 36.7287
86.96000 1453 38.1182
86.98000 1392 37.3095
87.00000 1342 36.6333
87.02000 1285 35.8469
87.04000 1385 37.2156
87.06000 1391 37.2961
87.08000 1375 37.081
87.10000 1406 37.4967
87.12000 1396 37.3631
87.14000 1346 36.6879
87.16000 1393 37.3229
87.18000 1429 37.8021
87.20000 1381 37.1618
87.22000 1406 37.4967
87.24000 1368 36.9865
87.26000 1349 36.7287
87.28000 1427 37.7757
87.30000 1340 36.606
87.32000 1363 36.9188
87.34000 1399 37.4032
87.36000 1391 37.2961
87.38000 1445 38.0132
87.40000 1333 36.5103
87.42000 1415 37.6165
87.44000 1415 37.6165
87.46000 1331 36.4829
87.48000 1378 37.1214
87.50000 1383 37.1887
87.52000 1314 36.2491
87.54000 1409 37.5366
87.56000 1365 36.9459
87.58000 1384 37.2022
87.60000 1377 37.108
87.62000 1348 36.7151
87.64000 1406 37.4967
87.66000 1431 37.8286
87.68000 1375 37.081
87.70000 1400 37.4166
87.72000 1376 37.0945
87.74000 1338 36.5787
87.76000 1354 36.7967
87.78000 1372 37.0405
87.80000 1334 36.524
87.82000 1374 37.0675
87.84000 1361 36.8917
87.86000 1399 37.4032
87.88000 1411 37.5633
87.90000 1401 37.4299
87.92000 1372 37.0405
87.94000 1343 36.647
87.96000 1391 37.2961
87.98000 1383 37.1887
88.00000 1319 36.318
88.02000 1370 37.0135
88.04000 1399 37.4032
88.06000 1368 36.9865
88.08000 1402 37.4433
88.10000 1400 37.4166
88.12000 1322 36.3593
88.14000 1365 36.9459
88.16000 1343 36.647
88.18000 1328 36.4417
88.20000 1360 36.8782
88.22000 1340 36.606
88.24000 1405 37.4833
88.26000 1385 37.2156
88.28000 1378 37.1214
88.30000 1357 36.8375
88.32000 1401 37.4299
88.34000 1384 37.2022
88.36000 1380 37.1484
88.38000 1456 38.1576
88.40000 1370 37.0135
88.42000 1390 37.2827
88.44000 1404 37.47
88.46000 1391 37.2961
88.48000 1384 37.2022
88.50000 1346 36.6879
88.52000 1368 36.9865
88.54000 1354 36.7967
88.56000 1354 36.7967
88.58000 1400 37.4166
88.60000 1325 36.4005
88.62000 1418 37.6563
88.64000 1380 37.1484
88.66000 1399 37.4032
88.68000 1356 36.8239
88.70000 1378 37.1214
88.72000 1362 36.9053
88.74000 1293 35.9583
88.76000 1324 36.3868
88.78000 1403 37.4566
88.80000 1379 37.1349
88.82000 1386 37.229
88.84000 1406 37.4967
88.86000 1413 37.5899
88.88000 1367 36.973
88.90000 1335 36.5377
88.92000 1375 37.081
88.94000 1371 37.027
88.96000 1386 37.229
88.98000 1380 37.1484
89.00000 1314 36.2491
89.02000 1297 36.0139
89.04000 1412 37.5766
89.06000 1471 38.3536
89.08000 1471 38.3536
89.10000 1416 37.6298
89.12000 1427 37.7757
89.14000 1421 37.6962
89.16000 1451 38.092
89.18000 1461 38.223
89.20000 1388 37.2559
89.22000 1490 38.6005
89.24000 1411 37.5633
89.26000 1407 37.51
89.28000 1460 38.2099
89.30000 1361 36.8917
89.32000 1437 37.9078
89.34000 1448 38.0526
89.36000 1435 37.8814
89.38000 1437 37.9078
89.40000 1386 37.229
89.42000 1399 37.4032
89.44000 1382 37.1753
89.46000 1306 36.1386
89.48000 1420 37.6829
89.50000 1346 36.6879
89.52000 1426 37.7624
89.54000 1463 38.2492
89.56000 1416 37.6298
89.58000 1375 37.081
89.60000 1419 37.6696
89.62000 1418 37.6563
89.64000 1325 36.4005
89.66000 1429 37.8021
89.68000 1392 37.3095
89.70000 1372 37.0405
89.72000 1370 37.0135
89.74000 1394 37.3363
89.76000 1391 37.2961
89.78000 1382 37.1753
89.80000 1464 38.2623
89.82000 1442 37.9737
89.84000 1455 38.1445
89.86000 1416 37.6298
89.88000 1469 38.3275
89.90000 1426 37.7624
89.92000 1441 37.9605
89.94000 1468 38.3145
89.96000 1442 37.9737
89.98000 1451 38.092
