# fwhm_typ 0.17303 noise 72.118
5.35391 400.319 1606.000 0.2493 11.3
5.88005 64249.870 606027.685 0.1060 8523.6
7.41447 57.489 636.191 0.0904 8.8
8.38055 30266.083 216706.060 0.1397 3048.2
11.79714 11177.990 72262.559 0.1547 987.0
14.15936 5141.872 35058.285 0.1467 490.3
15.03993 4477.543 15439.307 0.2900 36.6
15.28069 12386.373 70868.669 0.1748 899.1
15.77086 3113.571 10708.926 0.2907 34.0
16.11981 19486.088 111057.719 0.1755 1383.8
16.80037 52063.941 243271.543 0.2140 3055.2
17.21261 14450.489 59956.990 0.2410 470.3
17.69161 45544.274 309261.646 0.1473 4343.3
17.94635 10620.321 45157.165 0.2352 233.9
19.13797 15470.427 61381.883 0.2520 274.5
19.37551 21425.046 124998.395 0.1714 1743.2
19.68157 1855.766 7436.667 0.2495 18.4
20.69526 11058.034 59277.679 0.1865 599.1
21.08287 20397.756 114676.775 0.1779 1568.9
21.84695 16701.880 52310.530 0.3193 680.5
22.57677 18136.418 80326.773 0.2258 1033.6
23.30041 3372.736 12533.547 0.2691 62.4
23.74040 27103.559 109314.123 0.2479 1498.4
24.61292 20696.467 108951.901 0.1900 1444.9
24.84399 9421.273 34981.388 0.2693 90.4
25.35374 513.637 1757.714 0.2922 7.3
26.45209 10198.676 47212.663 0.2160 653.9
26.85394 2783.173 12897.925 0.2158 96.0
28.24860 15089.399 42998.058 0.3509 588.8
28.83271 1822.510 8546.009 0.2133 76.0
29.27606 2105.591 10456.184 0.2014 91.1
29.62721 3995.717 17046.185 0.2344 221.0
30.27429 759.276 3495.972 0.2172 15.4
30.75664 11957.132 52460.647 0.2279 749.7
31.49427 3701.222 9096.788 0.4069 38.6
31.93884 5761.531 20421.095 0.2821 236.6
32.46886 8110.698 19705.088 0.4116 284.7
33.10787 2501.545 12354.598 0.2025 141.2
33.51065 2020.069 6465.502 0.3124 6.5
33.80739 5193.096 22059.991 0.2354 282.0
34.44746 577.555 1993.013 0.2898 9.7
34.80502 2599.463 10340.107 0.2514 129.4
35.27591 830.401 3285.650 0.2527 31.2
36.08277 10578.442 25953.093 0.4076 394.6
36.72134 3248.434 10379.040 0.3130 95.1
37.16119 3506.165 13908.157 0.2521 142.0
37.84919 283.351 1290.887 0.2195 5.3
38.39503 878.730 4012.463 0.2190 47.6
40.77079 1344.814 3490.177 0.3853 15.9
42.88904 3496.707 8711.553 0.4014 120.4
44.07022 2765.983 9177.389 0.3014 126.5
45.19709 843.743 2894.247 0.2915 36.2
45.70866 679.655 2405.656 0.2825 9.7
46.14997 3108.680 7348.703 0.4230 94.0
46.88632 395.988 1678.948 0.2359 23.3
47.92247 1688.498 4239.231 0.3983 10.1
48.73657 2094.062 4969.317 0.4214 37.8
50.11135 387.541 1433.452 0.2704 10.5
52.71514 1031.717 3476.837 0.2967 42.4
59.91609 323.846 887.045 0.3651 9.4
61.21133 718.651 1780.070 0.4037 12.8
