# fwhm_typ 0.03061 noise 3.973
2.68664 6.395 513.699 0.0124 110.3
2.93518 28.515 1719.140 0.0166 403.7
3.74628 59.052 3480.282 0.0170 820.3
4.69659 12.309 386.572 0.0318 83.2
4.80375 5.916 176.411 0.0335 19.4
4.88503 26.648 895.073 0.0298 218.4
5.22411 6.371 92.295 0.0690 10.3
5.41076 65.337 1878.621 0.0348 492.2
5.61382 6.918 109.850 0.0630 11.7
5.87365 6.862 145.664 0.0471 27.1
6.19026 28.540 850.509 0.0336 209.1
6.48525 5.710 168.282 0.0339 35.6
7.05372 22.124 557.569 0.0397 142.6
7.20648 4.984 110.258 0.0452 16.1
7.49655 5.175 153.260 0.0338 33.1
7.81127 59.300 1189.481 0.0499 321.1
7.92463 21.522 414.247 0.0520 46.2
8.28891 14.871 262.685 0.0566 7.5
8.34584 35.921 653.964 0.0549 168.6
8.47948 15.221 283.575 0.0537 40.9
8.51152 10.559 228.653 0.0462 12.9
8.66556 21.651 393.442 0.0550 87.1
8.78611 9.613 155.231 0.0619 10.6
9.16167 3.807 68.128 0.0559 14.2
9.62593 5.361 70.858 0.0757 14.0
9.77211 6.654 206.047 0.0323 50.4
10.52670 3.539 79.168 0.0447 21.6
11.24138 8.063 138.032 0.0584 37.5
11.46166 5.300 86.366 0.0614 21.1
11.53987 3.836 63.502 0.0604 7.7
11.96988 3.425 87.600 0.0391 23.4
13.32423 1.845 32.982 0.0559 5.0
15.04576 1.181 24.681 0.0479 5.8
