# fwhm_typ 0.04162 noise 9.627
5.84859 101.556 2610.809 0.0389 263.8
6.59850 27.035 746.954 0.0362 75.5
8.32431 5.334 131.580 0.0405 11.3
8.45585 58.176 1555.263 0.0374 149.8
8.69369 2.994 55.829 0.0536 5.1
8.94893 66.687 1693.191 0.0394 171.6
10.29184 301.502 7504.563 0.0402 753.5
10.59507 9.878 256.048 0.0386 25.0
10.66278 10.846 234.394 0.0463 15.0
11.71807 376.620 10263.666 0.0367 849.7
11.85418 9.027 200.898 0.0449 15.6
12.09273 7.723 195.386 0.0395 17.7
12.20288 149.154 4299.659 0.0347 421.7
12.44498 172.514 4195.786 0.0411 408.5
13.13754 24.471 589.167 0.0415 57.8
13.31298 8.609 199.616 0.0431 18.2
13.46044 78.248 1384.922 0.0565 144.0
13.63346 8.691 224.350 0.0387 20.6
13.79184 124.086 2933.273 0.0423 289.5
14.47019 46.462 1195.347 0.0389 120.0
14.55055 4.379 88.599 0.0494 6.8
14.70075 46.410 1175.910 0.0395 118.9
14.76859 32.367 838.538 0.0386 60.7
14.96750 30.177 756.185 0.0399 75.9
15.86509 18.205 395.626 0.0460 34.4
15.96727 24.946 651.573 0.0383 56.9
16.10495 213.842 5462.715 0.0391 535.0
16.87062 6.012 95.567 0.0629 5.5
16.95205 24.979 601.776 0.0415 58.6
17.43506 4.092 65.397 0.0626 5.3
17.61742 7.848 140.858 0.0557 11.7
17.77147 86.565 2026.799 0.0427 196.9
17.89388 315.014 8118.246 0.0388 805.0
18.06160 28.306 683.974 0.0414 64.9
18.42064 5.804 100.828 0.0576 9.3
18.63866 18.133 492.995 0.0368 47.5
18.77051 3.977 96.250 0.0413 5.7
18.83046 17.470 438.458 0.0398 40.7
18.89418 8.859 180.548 0.0491 8.3
19.05113 352.444 9325.901 0.0378 928.4
19.13127 44.587 1058.457 0.0421 64.7
19.57143 14.927 381.807 0.0391 36.3
19.73333 14.697 375.918 0.0391 35.7
19.85970 30.426 606.525 0.0502 52.8
19.96490 36.249 937.683 0.0387 89.3
20.22571 27.779 731.955 0.0380 69.7
20.67084 6.567 160.084 0.0410 15.2
20.80923 8.126 223.546 0.0363 21.1
21.09242 19.805 421.146 0.0470 41.0
21.28709 5.146 104.856 0.0491 7.9
21.42509 163.056 3937.533 0.0414 383.4
21.58741 20.295 495.845 0.0409 47.3
21.79095 53.666 1322.340 0.0406 129.7
21.95885 49.472 1223.206 0.0404 120.6
22.14386 55.347 1320.020 0.0419 134.7
22.24615 23.311 398.384 0.0585 35.5
22.38583 34.430 956.775 0.0360 87.7
22.49821 17.665 408.170 0.0433 36.8
22.88738 2.516 48.018 0.0524 5.3
23.15072 34.389 770.628 0.0446 77.5
23.34789 16.127 381.747 0.0422 34.8
23.55965 16.460 320.620 0.0513 13.8
23.82000 19.365 450.511 0.0430 44.5
23.94034 38.902 1018.916 0.0382 100.9
24.19361 110.312 2900.594 0.0380 287.2
24.33037 13.506 267.100 0.0506 23.8
24.59483 79.458 981.585 0.0809 104.5
24.67801 25.642 569.743 0.0450 31.1
24.78542 19.995 522.305 0.0383 48.5
25.04117 10.305 218.306 0.0472 22.1
25.15549 4.197 90.600 0.0463 6.3
25.31303 4.768 138.147 0.0345 11.7
25.42605 4.287 105.675 0.0406 10.2
25.56805 2.978 55.913 0.0533 5.3
25.74753 10.455 215.752 0.0485 20.8
25.89900 11.873 276.602 0.0429 27.4
26.12646 18.191 458.162 0.0397 32.9
26.33714 14.230 329.936 0.0431 27.3
26.45243 3.123 72.806 0.0429 7.1
26.60344 5.121 104.088 0.0492 10.3
26.79181 19.413 454.519 0.0427 46.5
27.07859 7.163 176.597 0.0406 12.2
27.15827 8.199 156.445 0.0524 9.9
27.24334 14.266 266.577 0.0535 27.8
27.32246 15.791 238.111 0.0663 13.7
27.74271 4.940 100.750 0.0490 9.6
28.00759 6.927 67.830 0.1021 6.4
28.13341 5.434 103.583 0.0525 7.6
28.25105 10.499 262.518 0.0400 25.6
28.57591 3.854 85.564 0.0450 7.9
29.17416 10.341 198.024 0.0522 19.9
29.64853 23.796 579.742 0.0410 57.4
29.89332 15.362 304.644 0.0504 27.0
30.00072 14.628 394.406 0.0371 38.0
30.13472 4.364 123.225 0.0354 6.1
30.19337 6.444 147.850 0.0436 13.0
30.46047 11.316 191.399 0.0591 7.7
30.52997 17.196 415.582 0.0414 41.2
30.72513 13.993 251.806 0.0556 25.5
30.97917 3.495 57.168 0.0611 5.2
31.13777 7.033 95.346 0.0738 5.8
31.23319 23.104 333.431 0.0693 35.0
31.68959 19.282 393.631 0.0490 38.3
31.84283 17.749 463.170 0.0383 44.9
32.05619 6.213 134.616 0.0462 11.6
32.17016 10.688 202.104 0.0529 9.6
32.23053 15.755 196.501 0.0802 6.4
32.54552 13.381 263.703 0.0507 25.5
32.82248 10.173 188.716 0.0539 13.6
32.93373 25.072 524.212 0.0478 53.5
33.03968 3.894 80.819 0.0482 5.1
33.67034 22.785 515.164 0.0442 51.3
34.04263 9.326 169.693 0.0550 7.4
34.12337 33.036 777.059 0.0425 76.1
34.31303 5.130 82.235 0.0624 9.0
34.54131 15.250 291.827 0.0523 29.8
35.03908 8.494 165.120 0.0514 16.1
35.12413 7.356 163.693 0.0449 12.2
35.27824 17.539 329.013 0.0533 34.0
35.35748 12.810 165.979 0.0772 8.7
35.46792 15.426 321.735 0.0479 27.6
35.70451 11.997 240.779 0.0498 24.0
35.99604 3.113 63.643 0.0489 6.0
36.23401 17.018 300.976 0.0565 31.8
36.59153 2.432 58.517 0.0416 5.4
36.83302 5.848 142.752 0.0410 9.0
36.92899 17.899 258.647 0.0692 28.0
37.21116 3.872 81.096 0.0477 7.8
37.58610 11.837 119.505 0.0991 13.2
37.93447 4.630 62.307 0.0743 5.1
38.31162 8.659 173.471 0.0499 17.3
38.65542 10.854 217.364 0.0499 21.9
38.93296 5.030 100.626 0.0500 8.6
39.28779 10.205 102.777 0.0993 8.0
39.41179 13.853 224.781 0.0616 22.7
40.33539 6.780 100.963 0.0672 10.5
40.74170 6.599 68.003 0.0970 7.6
40.91289 3.502 81.257 0.0431 6.3
41.12169 5.770 85.553 0.0674 8.7
41.45435 3.544 79.044 0.0448 7.8
42.16808 3.052 76.871 0.0397 7.4
42.34975 6.943 113.489 0.0612 11.5
42.56472 5.945 135.750 0.0438 13.4
42.85817 6.061 114.498 0.0529 11.4
43.47245 5.939 151.297 0.0393 14.8
43.64411 6.175 135.902 0.0454 11.2
43.80820 8.301 93.544 0.0887 9.0
44.11859 7.231 79.794 0.0906 8.4
44.56566 5.158 99.310 0.0519 10.3
45.13910 7.332 87.079 0.0842 8.8
46.64135 5.234 56.248 0.0931 6.1
49.04808 4.383 69.380 0.0632 5.9
49.58850 8.235 96.904 0.0850 9.9
51.31588 3.935 47.221 0.0833 5.4
53.09705 3.360 63.639 0.0528 6.4
56.55943 4.412 67.231 0.0656 7.1
59.12077 5.378 60.730 0.0886 7.0
