# fwhm_typ 0.14323 noise 22.812
13.90136 773.354 5807.066 0.1332 253.5
16.02041 745.367 5734.514 0.1300 250.2
17.71101 6243.351 44539.638 0.1402 1936.8
18.64110 1585.585 11094.041 0.1429 395.9
18.97922 2568.155 17419.982 0.1474 752.3
19.69323 1744.543 12065.584 0.1446 516.3
20.01308 383.917 2341.755 0.1639 67.2
21.58809 1178.103 7644.893 0.1541 324.7
22.71712 424.504 2456.164 0.1728 97.4
24.25473 175.885 1024.728 0.1716 38.2
24.94890 175.149 947.947 0.1848 35.6
25.38469 128.252 459.460 0.2791 10.9
25.75839 518.697 3189.509 0.1626 134.4
26.95954 1118.013 6322.947 0.1768 108.2
27.32681 99.190 463.713 0.2139 12.4
28.14544 160.351 591.565 0.2711 25.3
28.99283 67.655 384.766 0.1758 15.6
29.36762 94.740 502.265 0.1886 21.7
30.17211 213.147 1096.259 0.1944 47.9
31.89850 2181.014 13001.048 0.1678 570.4
32.42107 201.404 981.949 0.2051 37.8
33.01685 463.377 2395.909 0.1934 96.2
33.82571 1458.724 8271.745 0.1764 358.9
34.45068 579.135 3304.898 0.1752 140.7
34.90235 349.456 1953.306 0.1789 76.7
35.54630 559.758 2200.129 0.2544 93.3
35.89564 318.232 1564.799 0.2034 47.2
36.52824 167.533 778.298 0.2153 33.0
37.21465 1266.214 5080.686 0.2492 218.1
37.83176 367.952 1869.313 0.1968 68.7
38.32471 1188.969 5149.612 0.2309 224.5
39.12338 280.727 980.448 0.2863 42.5
40.03130 175.349 838.169 0.2092 36.5
40.89976 159.880 590.068 0.2710 11.7
41.58702 820.539 3558.379 0.2306 156.3
44.25660 706.711 2051.318 0.3445 96.3
45.41070 87.418 304.463 0.2871 9.5
45.90415 386.848 1399.843 0.2764 63.2
46.51290 227.746 737.193 0.3089 21.0
47.07641 285.687 897.597 0.3183 33.7
49.43729 649.752 2523.451 0.2575 110.2
50.22644 257.635 790.522 0.3259 26.3
51.60475 107.711 359.149 0.2999 10.5
52.29879 163.978 494.347 0.3317 20.2
53.47754 100.281 281.421 0.3563 12.1
55.14291 207.436 685.750 0.3025 30.3
73.62674 152.152 427.252 0.3561 18.7
