# columns: two_theta_deg intensity sigma
3.00000 1685 41.1693
3.02000 1675 40.8248
3.04000 1634 40.4888
3.06000 1696 41.1693
3.08000 1653 40.8248
3.10000 1629 40.4888
3.12000 1671 40.8248
3.14000 1592 39.841
3.16000 1610 40.161
3.18000 1630 40.4888
3.20000 1660 40.8248
3.22000 1615 40.161
3.24000 1622 40.161
3.26000 1667 40.8248
3.28000 1592 39.841
3.30000 1562 39.5285
3.32000 1568 39.5285
3.34000 1585 39.841
3.36000 1584 39.841
3.38000 1565 39.5285
3.40000 1598 39.841
3.42000 1584 39.841
3.44000 1552 39.5285
3.46000 1525 38.9249
3.48000 1574 39.5285
3.50000 1566 39.5285
3.52000 1524 38.9249
3.54000 1612 40.161
3.56000 1493 38.6334
3.58000 1572 39.5285
3.60000 1541 39.2232
3.62000 1534 39.2232
3.64000 1525 38.9249
3.66000 1575 39.841
3.68000 1503 38.6334
3.70000 1517 38.9249
3.72000 1474 38.3482
3.74000 1474 38.3482
3.76000 1491 38.6334
3.78000 1514 38.9249
3.80000 1562 39.5285
3.82000 1481 38.3482
3.84000 1453 38.0693
3.86000 1530 39.2232
3.88000 1485 38.6334
3.90000 1468 38.3482
3.92000 1485 38.6334
3.94000 1474 38.3482
3.96000 1437 37.7964
3.98000 1516 38.9249
4.00000 1462 38.3482
4.02000 1478 38.3482
4.04000 1413 37.5293
4.06000 1548 39.2232
4.08000 1476 38.3482
4.10000 1493 38.6334
4.12000 1520 38.9249
4.14000 1422 37.7964
4.16000 1506 38.9249
4.18000 1411 37.5293
4.20000 1452 38.0693
4.22000 1446 38.0693
4.24000 1512 38.9249
4.26000 1489 38.6334
4.28000 1479 38.3482
4.30000 1492 38.6334
4.32000 1545 39.2232
4.34000 1497 38.6334
4.36000 1529 39.2232
4.38000 1505 38.9249
4.40000 1540 39.2232
4.42000 1559 39.5285
4.44000 1573 39.5285
4.46000 1579 39.841
4.48000 1582 39.841
4.50000 1616 40.161
4.52000 1603 40.161
4.54000 1704 41.1693
4.56000 1696 41.1693
4.58000 1731 41.5227
4.60000 1752 41.8854
4.62000 1852 43.0331
4.64000 1764 41.8854
4.66000 1991 44.7214
4.68000 1963 44.2807
4.70000 2015 44.7214
4.72000 2221 47.1405
4.74000 2328 48.2243
4.76000 2506 50
4.78000 2676 51.9875
4.80000 2808 52.7046
4.82000 2920 54.2326
4.84000 2580 50.637
4.86000 2300 48.2243
4.88000 1743 41.8854
4.90000 1428 37.7964
4.92000 1408 37.5293
4.94000 1438 37.7964
4.96000 1425 37.7964
4.98000 1338 36.5148
5.00000 1390 37.2678
5.02000 1348 36.7607
5.04000 1364 37.0117
5.06000 1315 36.2738
5.08000 1404 37.5293
5.10000 1377 37.0117
5.12000 1380 37.2678
5.14000 1297 36.0375
5.16000 1403 37.5293
5.18000 1334 36.5148
5.20000 1329 36.5148
5.22000 1335 36.5148
5.24000 1336 36.5148
5.26000 1285 35.8057
5.28000 1304 36.0375
5.30000 1391 37.2678
5.32000 1359 36.7607
5.34000 1277 35.8057
5.36000 1330 36.5148
5.38000 1295 36.0375
5.40000 1318 36.2738
5.42000 1338 36.5148
5.44000 1262 35.5784
5.46000 1353 36.7607
5.48000 1347 36.7607
5.50000 1290 35.8057
5.52000 1355 36.7607
5.54000 1300 36.0375
5.56000 1288 35.8057
5.58000 1333 36.5148
5.60000 1259 35.5784
5.62000 1341 36.5148
5.64000 1343 36.7607
5.66000 1315 36.2738
5.68000 1346 36.7607
5.70000 1269 35.5784
5.72000 1318 36.2738
5.74000 1264 35.5784
5.76000 1262 35.5784
5.78000 1278 35.8057
5.80000 1240 35.1364
5.82000 1342 36.5148
5.84000 1328 36.5148
5.86000 1323 36.2738
5.88000 1270 35.5784
5.90000 1302 36.0375
5.92000 1277 35.8057
5.94000 1214 34.9215
5.96000 1221 34.9215
5.98000 1283 35.8057
6.00000 1260 35.5784
6.02000 1279 35.8057
6.04000 1233 35.1364
6.06000 1319 36.2738
6.08000 1305 36.0375
6.10000 1261 35.5784
6.12000 1199 34.7105
6.14000 1258 35.5784
6.16000 1213 34.9215
6.18000 1227 35.1364
6.20000 1264 35.5784
6.22000 1258 35.5784
6.24000 1228 35.1364
6.26000 1293 36.0375
6.28000 1211 34.7105
6.30000 1284 35.8057
6.32000 1238 35.1364
6.34000 1226 34.9215
6.36000 1205 34.7105
6.38000 1279 35.8057
6.40000 1221 34.9215
6.42000 1266 35.5784
6.44000 1214 34.9215
6.46000 1230 35.1364
6.48000 1231 35.1364
6.50000 1232 35.1364
6.52000 1260 35.5784
6.54000 1194 34.5033
6.56000 1143 33.9032
6.58000 1226 34.9215
6.60000 1230 35.1364
6.62000 1211 34.7105
6.64000 1190 34.5033
6.66000 1186 34.5033
6.68000 1158 34.0997
6.70000 1241 35.1364
6.72000 1211 34.7105
6.74000 1212 34.7105
6.76000 1189 34.5033
6.78000 1222 34.9215
6.80000 1197 34.5033
6.82000 1247 35.3553
6.84000 1163 34.0997
6.86000 1217 34.9215
6.88000 1226 34.9215
6.90000 1138 33.71
6.92000 1253 35.3553
6.94000 1212 34.7105
6.96000 1184 34.5033
6.98000 1274 35.8057
7.00000 1171 34.2997
7.02000 1211 34.7105
7.04000 1239 35.1364
7.06000 1197 34.5033
7.08000 1248 35.3553
7.10000 1187 34.5033
7.12000 1198 34.7105
7.14000 1222 34.9215
7.16000 1112 33.3333
7.18000 1210 34.7105
7.20000 1209 34.7105
7.22000 1189 34.5033
7.24000 1208 34.7105
7.26000 1190 34.5033
7.28000 1201 34.7105
7.30000 1135 33.71
7.32000 1179 34.2997
7.34000 1204 34.7105
7.36000 1178 34.2997
7.38000 1197 34.5033
7.40000 1150 33.9032
7.42000 1141 33.71
7.44000 1162 34.0997
7.46000 1174 34.2997
7.48000 1146 33.9032
7.50000 1193 34.5033
7.52000 1179 34.2997
7.54000 1189 34.5033
7.56000 1157 34.0997
7.58000 1204 34.7105
7.60000 1188 34.5033
7.62000 1197 34.5033
7.64000 1211 34.7105
7.66000 1186 34.5033
7.68000 1186 34.5033
7.70000 1140 33.71
7.72000 1194 34.5033
7.74000 1187 34.5033
7.76000 1173 34.2997
7.78000 1243 35.3553
7.80000 1127 33.5201
7.82000 1178 34.2997
7.84000 1118 33.5201
7.86000 1152 33.9032
7.88000 1125 33.5201
7.90000 1149 33.9032
7.92000 1183 34.2997
7.94000 1227 35.1364
7.96000 1248 35.3553
7.98000 1145 33.9032
8.00000 1115 33.3333
8.02000 1105 33.3333
8.04000 1100 33.1497
8.06000 1174 34.2997
8.08000 1150 33.9032
8.10000 1167 34.0997
8.12000 1132 33.71
8.14000 1160 34.0997
8.16000 1159 34.0997
8.18000 1087 32.969
8.20000 1141 33.71
8.22000 1135 33.71
8.24000 1169 34.0997
8.26000 1175 34.2997
8.28000 1174 34.2997
8.30000 1187 34.5033
8.32000 1222 34.9215
8.34000 1155 33.9032
8.36000 1142 33.71
8.38000 1141 33.71
8.40000 1175 34.2997
8.42000 1123 33.5201
8.44000 1168 34.0997
8.46000 1140 33.71
8.48000 1153 33.9032
8.50000 1114 33.3333
8.52000 1150 33.9032
8.54000 1097 33.1497
8.56000 1177 34.2997
8.58000 1124 33.5201
8.60000 1121 33.5201
8.62000 1101 33.1497
8.64000 1051 32.4443
8.66000 1113 33.3333
8.68000 1089 32.969
8.70000 1118 33.5201
8.72000 1153 33.9032
8.74000 1136 33.71
8.76000 1098 33.1497
8.78000 1151 33.9032
8.80000 1121 33.5201
8.82000 1138 33.71
8.84000 1116 33.3333
8.86000 1083 32.969
8.88000 1084 32.969
8.90000 1056 32.4443
8.92000 1088 32.969
8.94000 1143 33.9032
8.96000 1165 34.0997
8.98000 1152 33.9032
9.00000 1119 33.5201
9.02000 1145 33.9032
9.04000 1112 33.3333
9.06000 1121 33.5201
9.08000 1119 33.5201
9.10000 1093 33.1497
9.12000 1128 33.5201
9.14000 1095 33.1497
9.16000 1105 33.3333
9.18000 1111 33.3333
9.20000 1132 33.71
9.22000 1175 34.2997
9.24000 1165 34.0997
9.26000 1211 34.7105
9.28000 1209 34.7105
9.30000 1319 36.2738
9.32000 1371 37.0117
9.34000 1452 38.0693
9.36000 1526 38.9249
9.38000 1636 40.4888
9.40000 1889 43.4372
9.42000 1968 44.2807
9.44000 2270 47.6731
9.46000 2555 50.637
9.48000 2920 54.2326
9.50000 3270 56.7962
9.52000 4047 63.2456
9.54000 4853 69.0066
9.56000 5762 76.6965
9.58000 6883 81.6497
9.60000 7292 84.5154
9.62000 7094 84.5154
9.64000 5958 76.6965
9.66000 4304 65.938
9.68000 2769 52.7046
9.70000 1831 42.6401
9.72000 1432 37.7964
9.74000 1246 35.3553
9.76000 1253 35.3553
9.78000 1203 34.7105
9.80000 1179 34.2997
9.82000 1171 34.2997
9.84000 1167 34.0997
9.86000 1164 34.0997
9.88000 1114 33.3333
9.90000 1152 33.9032
9.92000 1107 33.3333
9.94000 1054 32.4443
9.96000 1070 32.7913
9.98000 1126 33.5201
10.00000 1073 32.7913
10.02000 1075 32.7913
10.04000 1069 32.6164
10.06000 1090 32.969
10.08000 1071 32.7913
10.10000 1062 32.6164
10.12000 1012 31.7821
10.14000 1075 32.7913
10.16000 1061 32.6164
10.18000 1025 31.9438
10.20000 1026 32.1081
10.22000 1063 32.6164
10.24000 1049 32.4443
10.26000 1045 32.2749
10.28000 1070 32.7913
10.30000 1146 33.9032
10.32000 1052 32.4443
10.34000 1050 32.4443
10.36000 1047 32.2749
10.38000 1067 32.6164
10.40000 1019 31.9438
10.42000 1030 32.1081
10.44000 1078 32.7913
10.46000 1066 32.6164
10.48000 1092 32.969
10.50000 1037 32.2749
10.52000 1047 32.2749
10.54000 1107 33.3333
10.56000 1158 34.0997
10.58000 1141 33.71
10.60000 1184 34.5033
10.62000 1140 33.71
10.64000 1105 33.3333
10.66000 1134 33.71
10.68000 1061 32.6164
10.70000 1043 32.2749
10.72000 1130 33.71
10.74000 1116 33.3333
10.76000 1117 33.3333
10.78000 1185 34.5033
10.80000 1171 34.2997
10.82000 1192 34.5033
10.84000 1271 35.5784
10.86000 1333 36.5148
10.88000 1474 38.3482
10.90000 1531 39.2232
10.92000 1577 39.841
10.94000 1660 40.8248
10.96000 1716 41.5227
10.98000 1542 39.2232
11.00000 1358 36.7607
11.02000 1246 35.3553
11.04000 1088 32.969
11.06000 1057 32.4443
11.08000 1059 32.6164
11.10000 1011 31.7821
11.12000 987 31.4658
11.14000 1054 32.4443
11.16000 1045 32.2749
11.18000 1047 32.2749
11.20000 1025 31.9438
11.22000 1029 32.1081
11.24000 1060 32.6164
11.26000 1092 32.969
11.28000 988 31.4658
11.30000 989 31.4658
11.32000 1049 32.4443
11.34000 1024 31.9438
11.36000 1056 32.4443
11.38000 1072 32.7913
11.40000 1054 32.4443
11.42000 1108 33.3333
11.44000 1141 33.71
11.46000 1159 34.0997
11.48000 1238 35.1364
11.50000 1275 35.8057
11.52000 1335 36.5148
11.54000 1537 39.2232
11.56000 1699 41.1693
11.58000 1917 43.8529
11.60000 2071 45.6435
11.62000 2225 47.1405
11.64000 2148 46.1266
11.66000 1906 43.8529
11.68000 1693 41.1693
11.70000 1539 39.2232
11.72000 1355 36.7607
11.74000 1335 36.5148
11.76000 1320 36.2738
11.78000 1414 37.5293
11.80000 1399 37.5293
11.82000 1373 37.0117
11.84000 1315 36.2738
11.86000 1230 35.1364
11.88000 1208 34.7105
11.90000 1124 33.5201
11.92000 1134 33.71
11.94000 1107 33.3333
11.96000 1096 33.1497
11.98000 1086 32.969
12.00000 1126 33.5201
12.02000 1229 35.1364
12.04000 1188 34.5033
12.06000 1300 36.0375
12.08000 1387 37.2678
12.10000 1474 38.3482
12.12000 1711 41.5227
12.14000 1998 44.7214
12.16000 2201 47.1405
12.18000 2587 50.637
12.20000 3017 55.0482
12.22000 3712 60.8581
12.24000 4308 65.938
12.26000 4904 70.7107
12.28000 5199 72.5476
12.30000 4792 69.0066
12.32000 3965 63.2456
12.34000 3002 55.0482
12.36000 2133 46.1266
12.38000 1637 40.4888
12.40000 1341 36.5148
12.42000 1329 36.5148
12.44000 1283 35.8057
12.46000 1331 36.5148
12.48000 1382 37.2678
12.50000 1517 38.9249
12.52000 1575 39.841
12.54000 1662 40.8248
12.56000 1814 42.6401
12.58000 1998 44.7214
12.60000 2282 47.6731
12.62000 2503 50
12.64000 2651 51.2989
12.66000 2535 50.637
12.68000 2272 47.6731
12.70000 1860 43.0331
12.72000 1474 38.3482
12.74000 1291 36.0375
12.76000 1215 34.9215
12.78000 1254 35.3553
12.80000 1348 36.7607
12.82000 1419 37.7964
12.84000 1616 40.161
12.86000 1755 41.8854
12.88000 2058 45.1754
12.90000 2349 48.2243
12.92000 2719 51.9875
12.94000 3061 55.0482
12.96000 3157 55.9017
12.98000 3117 55.9017
13.00000 2738 51.9875
13.02000 2262 47.6731
13.04000 1871 43.4372
13.06000 1458 38.0693
13.08000 1295 36.0375
13.10000 1168 34.0997
13.12000 1100 33.1497
13.14000 1083 32.969
13.16000 1036 32.1081
13.18000 1000 31.6228
13.20000 1018 31.9438
13.22000 1102 33.1497
13.24000 975 31.1588
13.26000 998 31.6228
13.28000 1030 32.1081
13.30000 997 31.6228
13.32000 1030 32.1081
13.34000 995 31.4658
13.36000 985 31.3112
13.38000 980 31.3112
13.40000 960 31.0087
13.42000 982 31.3112
13.44000 1016 31.9438
13.46000 970 31.1588
13.48000 1022 31.9438
13.50000 1047 32.2749
13.52000 1014 31.7821
13.54000 974 31.1588
13.56000 1024 31.9438
13.58000 1010 31.7821
13.60000 982 31.3112
13.62000 1037 32.2749
13.64000 1020 31.9438
13.66000 1008 31.7821
13.68000 989 31.4658
13.70000 1035 32.1081
13.72000 1053 32.4443
13.74000 1037 32.2749
13.76000 1071 32.7913
13.78000 1088 32.969
13.80000 1060 32.6164
13.82000 1113 33.3333
13.84000 1144 33.9032
13.86000 1275 35.8057
13.88000 1364 37.0117
13.90000 1515 38.9249
13.92000 1696 41.1693
13.94000 1845 43.0331
13.96000 2094 45.6435
13.98000 2444 49.3865
14.00000 2685 51.9875
14.02000 2846 53.4522
14.04000 3047 55.0482
14.06000 2792 52.7046
14.08000 2444 49.3865
14.10000 2003 44.7214
14.12000 1632 40.4888
14.14000 1346 36.7607
14.16000 1191 34.5033
14.18000 1165 34.0997
14.20000 1131 33.71
14.22000 1183 34.2997
14.24000 1294 36.0375
14.26000 1382 37.2678
14.28000 1593 39.841
14.30000 1780 42.2577
14.32000 2110 46.1266
14.34000 2680 51.9875
14.36000 3208 56.7962
14.38000 4201 64.5497
14.40000 5407 74.5356
14.42000 6445 79.0569
14.44000 6879 81.6497
14.46000 6834 81.6497
14.48000 5827 76.6965
14.50000 4384 65.938
14.52000 2872 53.4522
14.54000 1880 43.4372
14.56000 1384 37.2678
14.58000 1271 35.5784
14.60000 1116 33.3333
14.62000 1146 33.9032
14.64000 1124 33.5201
14.66000 1150 33.9032
14.68000 1108 33.3333
14.70000 1209 34.7105
14.72000 1340 36.5148
14.74000 1473 38.3482
14.76000 1685 41.1693
14.78000 2000 44.7214
14.80000 2411 49.3865
14.82000 2825 53.4522
14.84000 2909 54.2326
14.86000 3111 55.9017
14.88000 2990 55.0482
14.90000 2481 50
14.92000 1919 43.8529
14.94000 1507 38.9249
14.96000 1251 35.3553
14.98000 1104 33.1497
15.00000 1056 32.4443
15.02000 1010 31.7821
15.04000 999 31.6228
15.06000 1022 31.9438
15.08000 1001 31.6228
15.10000 1010 31.7821
15.12000 995 31.4658
15.14000 975 31.1588
15.16000 955 30.8607
15.18000 953 30.8607
15.20000 968 31.1588
15.22000 966 31.0087
15.24000 997 31.6228
15.26000 999 31.6228
15.28000 1000 31.6228
15.30000 981 31.3112
15.32000 1001 31.6228
15.34000 983 31.3112
15.36000 1031 32.1081
15.38000 1078 32.7913
15.40000 1201 34.7105
15.42000 1230 35.1364
15.44000 1437 37.7964
15.46000 1638 40.4888
15.48000 1859 43.0331
15.50000 2229 47.1405
15.52000 2689 51.9875
15.54000 3513 59.7614
15.56000 4149 64.5497
15.58000 4719 69.0066
15.60000 5125 70.7107
15.62000 5059 70.7107
15.64000 4595 67.42
15.66000 3691 60.8581
15.68000 2890 53.4522
15.70000 2107 46.1266
15.72000 1651 40.4888
15.74000 1294 36.0375
15.76000 1151 33.9032
15.78000 1100 33.1497
15.80000 1099 33.1497
15.82000 1084 32.969
15.84000 1042 32.2749
15.86000 1063 32.6164
15.88000 1088 32.969
15.90000 1089 32.969
15.92000 1138 33.71
15.94000 1230 35.1364
15.96000 1246 35.3553
15.98000 1337 36.5148
16.00000 1366 37.0117
16.02000 1519 38.9249
16.04000 1437 37.7964
16.06000 1412 37.5293
16.08000 1299 36.0375
16.10000 1185 34.5033
16.12000 1102 33.1497
16.14000 1064 32.6164
16.16000 1021 31.9438
16.18000 1006 31.7821
16.20000 984 31.3112
16.22000 1017 31.9438
16.24000 1016 31.9438
16.26000 986 31.4658
16.28000 967 31.1588
16.30000 979 31.3112
16.32000 979 31.3112
16.34000 954 30.8607
16.36000 980 31.3112
16.38000 950 30.8607
16.40000 973 31.1588
16.42000 977 31.3112
16.44000 1012 31.7821
16.46000 1089 32.969
16.48000 1095 33.1497
16.50000 1142 33.71
16.52000 1174 34.2997
16.54000 1210 34.7105
16.56000 1314 36.2738
16.58000 1401 37.5293
16.60000 1466 38.3482
16.62000 1573 39.5285
16.64000 1538 39.2232
16.66000 1513 38.9249
16.68000 1389 37.2678
16.70000 1376 37.0117
16.72000 1243 35.3553
16.74000 1206 34.7105
16.76000 1087 32.969
16.78000 1068 32.6164
16.80000 1043 32.2749
16.82000 1072 32.7913
16.84000 1101 33.1497
16.86000 1175 34.2997
16.88000 1134 33.71
16.90000 1143 33.9032
16.92000 1201 34.7105
16.94000 1112 33.3333
16.96000 1153 33.9032
16.98000 1107 33.3333
17.00000 1094 33.1497
17.02000 1012 31.7821
17.04000 1053 32.4443
17.06000 1033 32.1081
17.08000 1006 31.7821
17.10000 1050 32.4443
17.12000 1001 31.6228
17.14000 1019 31.9438
17.16000 1154 33.9032
17.18000 1212 34.7105
17.20000 1230 35.1364
17.22000 1507 38.9249
17.24000 1757 41.8854
17.26000 2314 48.2243
17.28000 2936 54.2326
17.30000 3995 63.2456
17.32000 5107 70.7107
17.34000 6810 81.6497
17.36000 8340 91.2871
17.38000 9273 95.3463
17.40000 9609 100
17.42000 8726 95.3463
17.44000 7510 87.7058
17.46000 6158 79.0569
17.48000 4958 70.7107
17.50000 4158 64.5497
17.52000 3578 59.7614
17.54000 2906 54.2326
17.56000 2304 48.2243
17.58000 1854 43.0331
17.60000 1713 41.5227
17.62000 1586 39.841
17.64000 1583 39.841
17.66000 1637 40.4888
17.68000 1651 40.4888
17.70000 1716 41.5227
17.72000 1657 40.8248
17.74000 1635 40.4888
17.76000 1542 39.2232
17.78000 1446 38.0693
17.80000 1428 37.7964
17.82000 1305 36.0375
17.84000 1225 34.9215
17.86000 1214 34.9215
17.88000 1213 34.9215
17.90000 1216 34.9215
17.92000 1232 35.1364
17.94000 1280 35.8057
17.96000 1279 35.8057
17.98000 1250 35.3553
18.00000 1251 35.3553
18.02000 1224 34.9215
18.04000 1311 36.2738
18.06000 1443 38.0693
18.08000 1698 41.1693
18.10000 1940 43.8529
18.12000 2194 46.6252
18.14000 2384 48.795
18.16000 2442 49.3865
18.18000 2408 48.795
18.20000 2195 46.6252
18.22000 1902 43.4372
18.24000 1659 40.8248
18.26000 1468 38.3482
18.28000 1311 36.2738
18.30000 1264 35.5784
18.32000 1233 35.1364
18.34000 1211 34.7105
18.36000 1205 34.7105
18.38000 1181 34.2997
18.40000 1191 34.5033
18.42000 1103 33.1497
18.44000 1089 32.969
18.46000 1052 32.4443
18.48000 1033 32.1081
18.50000 968 31.1588
18.52000 1021 31.9438
18.54000 1053 32.4443
18.56000 1054 32.4443
18.58000 1083 32.969
18.60000 1087 32.969
18.62000 1111 33.3333
18.64000 1268 35.5784
18.66000 1328 36.5148
18.68000 1537 39.2232
18.70000 1833 42.6401
18.72000 2166 46.6252
18.74000 2727 51.9875
18.76000 3063 55.0482
18.78000 3457 58.722
18.80000 3688 60.8581
18.82000 3736 60.8581
18.84000 3647 60.8581
18.86000 3420 58.722
18.88000 3152 55.9017
18.90000 2851 53.4522
18.92000 2604 51.2989
18.94000 2328 48.2243
18.96000 2168 46.6252
18.98000 2077 45.6435
19.00000 2108 46.1266
19.02000 2292 47.6731
19.04000 2758 52.7046
19.06000 3444 58.722
19.08000 4455 67.42
19.10000 5574 74.5356
19.12000 6426 79.0569
19.14000 7069 84.5154
19.16000 7069 84.5154
19.18000 6612 81.6497
19.20000 5652 74.5356
19.22000 4581 67.42
19.24000 3682 60.8581
19.26000 2923 54.2326
19.28000 2436 49.3865
19.30000 2149 46.1266
19.32000 1965 44.2807
19.34000 1677 40.8248
19.36000 1518 38.9249
19.38000 1362 37.0117
19.40000 1248 35.3553
19.42000 1180 34.2997
19.44000 1207 34.7105
19.46000 1171 34.2997
19.48000 1249 35.3553
19.50000 1219 34.9215
19.52000 1301 36.0375
19.54000 1352 36.7607
19.56000 1449 38.0693
19.58000 1558 39.5285
19.60000 1715 41.5227
19.62000 2180 46.6252
19.64000 2559 50.637
19.66000 3123 55.9017
19.68000 3444 58.722
19.70000 3769 60.8581
19.72000 3704 60.8581
19.74000 3445 58.722
19.76000 2902 54.2326
19.78000 2308 48.2243
19.80000 1797 42.2577
19.82000 1455 38.0693
19.84000 1271 35.5784
19.86000 1231 35.1364
19.88000 1101 33.1497
19.90000 1127 33.5201
19.92000 980 31.3112
19.94000 1080 32.7913
19.96000 1076 32.7913
19.98000 1071 32.7913
20.00000 1128 33.5201
20.02000 1265 35.5784
20.04000 1333 36.5148
20.06000 1413 37.5293
20.08000 1512 38.9249
20.10000 1470 38.3482
20.12000 1388 37.2678
20.14000 1307 36.0375
20.16000 1254 35.3553
20.18000 1139 33.71
20.20000 1036 32.1081
20.22000 1055 32.4443
20.24000 952 30.8607
20.26000 989 31.4658
20.28000 955 30.8607
20.30000 1029 32.1081
20.32000 963 31.0087
20.34000 1004 31.6228
20.36000 986 31.4658
20.38000 942 30.7148
20.40000 978 31.3112
20.42000 1033 32.1081
20.44000 1004 31.6228
20.46000 1126 33.5201
20.48000 1218 34.9215
20.50000 1392 37.2678
20.52000 1514 38.9249
20.54000 1738 41.5227
20.56000 2090 45.6435
20.58000 2234 47.1405
20.60000 2215 47.1405
20.62000 2351 48.2243
20.64000 2172 46.6252
20.66000 1935 43.8529
20.68000 1736 41.5227
20.70000 1475 38.3482
20.72000 1261 35.5784
20.74000 1084 32.969
20.76000 1027 32.1081
20.78000 1098 33.1497
20.80000 1069 32.6164
20.82000 1123 33.5201
20.84000 1125 33.5201
20.86000 1155 33.9032
20.88000 1277 35.8057
20.90000 1267 35.5784
20.92000 1232 35.1364
20.94000 1181 34.2997
20.96000 1126 33.5201
20.98000 1041 32.2749
21.00000 1025 31.9438
21.02000 1092 32.969
21.04000 1013 31.7821
21.06000 1147 33.9032
21.08000 1142 33.71
21.10000 1339 36.5148
21.12000 1482 38.6334
21.14000 1598 39.841
21.16000 1754 41.8854
21.18000 1864 43.0331
21.20000 2008 44.7214
21.22000 2100 45.6435
21.24000 1942 44.2807
21.26000 1888 43.4372
21.28000 1665 40.8248
21.30000 1548 39.2232
21.32000 1366 37.0117
21.34000 1250 35.3553
21.36000 1163 34.0997
21.38000 1185 34.5033
21.40000 1076 32.7913
21.42000 1150 33.9032
21.44000 1147 33.9032
21.46000 1163 34.0997
21.48000 1217 34.9215
21.50000 1213 34.9215
21.52000 1125 33.5201
21.54000 1096 33.1497
21.56000 1147 33.9032
21.58000 1039 32.2749
21.60000 996 31.6228
21.62000 1021 31.9438
21.64000 978 31.3112
21.66000 977 31.3112
21.68000 974 31.1588
21.70000 1031 32.1081
21.72000 1061 32.6164
21.74000 1089 32.969
21.76000 1064 32.6164
21.78000 1156 33.9032
21.80000 1183 34.2997
21.82000 1307 36.0375
21.84000 1378 37.0117
21.86000 1574 39.5285
21.88000 1724 41.5227
21.90000 1955 44.2807
21.92000 2309 48.2243
21.94000 2538 50.637
21.96000 2845 53.4522
21.98000 2871 53.4522
22.00000 2936 54.2326
22.02000 2870 53.4522
22.04000 2655 51.2989
22.06000 2371 48.795
22.08000 2125 46.1266
22.10000 2072 45.6435
22.12000 1880 43.4372
22.14000 1744 41.8854
22.16000 1656 40.8248
22.18000 1575 39.841
22.20000 1472 38.3482
22.22000 1378 37.0117
22.24000 1252 35.3553
22.26000 1204 34.7105
22.28000 1183 34.2997
22.30000 1200 34.7105
22.32000 1152 33.9032
22.34000 1139 33.71
22.36000 1214 34.9215
22.38000 1348 36.7607
22.40000 1399 37.5293
22.42000 1455 38.0693
22.44000 1562 39.5285
22.46000 1634 40.4888
22.48000 1709 41.1693
22.50000 1939 43.8529
22.52000 2250 47.6731
22.54000 2372 48.795
22.56000 2882 53.4522
22.58000 3376 57.735
22.60000 3718 60.8581
22.62000 3705 60.8581
22.64000 3796 62.0174
22.66000 3725 60.8581
22.68000 3557 59.7614
22.70000 3425 58.722
22.72000 3279 57.735
22.74000 3225 56.7962
22.76000 3238 56.7962
22.78000 3643 60.8581
22.80000 4224 64.5497
22.82000 4916 70.7107
22.84000 5663 74.5356
22.86000 6350 79.0569
22.88000 6802 81.6497
22.90000 6726 81.6497
22.92000 6375 79.0569
22.94000 5630 74.5356
22.96000 4883 70.7107
22.98000 3994 63.2456
23.00000 3200 56.7962
23.02000 2605 51.2989
23.04000 2111 46.1266
23.06000 1773 42.2577
23.08000 1579 39.841
23.10000 1605 40.161
23.12000 1607 40.161
23.14000 1523 38.9249
23.16000 1615 40.161
23.18000 1569 39.5285
23.20000 1545 39.2232
23.22000 1569 39.5285
23.24000 1514 38.9249
23.26000 1436 37.7964
23.28000 1376 37.0117
23.30000 1471 38.3482
23.32000 1488 38.6334
23.34000 1678 40.8248
23.36000 1721 41.5227
23.38000 1874 43.4372
23.40000 1928 43.8529
23.42000 2065 45.6435
23.44000 2068 45.6435
23.46000 2001 44.7214
23.48000 1794 42.2577
23.50000 1655 40.8248
23.52000 1481 38.3482
23.54000 1410 37.5293
23.56000 1254 35.3553
23.58000 1221 34.9215
23.60000 1159 34.0997
23.62000 1142 33.71
23.64000 1134 33.71
23.66000 1186 34.5033
23.68000 1145 33.9032
23.70000 1172 34.2997
23.72000 1205 34.7105
23.74000 1202 34.7105
23.76000 1166 34.0997
23.78000 1244 35.3553
23.80000 1235 35.1364
23.82000 1293 36.0375
23.84000 1336 36.5148
23.86000 1486 38.6334
23.88000 1609 40.161
23.90000 1678 40.8248
23.92000 1693 41.1693
23.94000 1646 40.4888
23.96000 1704 41.1693
23.98000 1625 40.161
24.00000 1664 40.8248
24.02000 1656 40.8248
24.04000 1727 41.5227
24.06000 1826 42.6401
24.08000 2049 45.1754
24.10000 2301 48.2243
24.12000 2440 49.3865
24.14000 2651 51.2989
24.16000 2753 52.7046
24.18000 2695 51.9875
24.20000 2532 50.637
24.22000 2150 46.1266
24.24000 1916 43.8529
24.26000 1706 41.1693
24.28000 1458 38.0693
24.30000 1328 36.5148
24.32000 1158 34.0997
24.34000 1177 34.2997
24.36000 1091 32.969
24.38000 1113 33.3333
24.40000 1061 32.6164
24.42000 1088 32.969
24.44000 1049 32.4443
24.46000 996 31.6228
24.48000 1098 33.1497
24.50000 1069 32.6164
24.52000 1167 34.0997
24.54000 1240 35.1364
24.56000 1372 37.0117
24.58000 1538 39.2232
24.60000 1811 42.6401
24.62000 2111 46.1266
24.64000 2437 49.3865
24.66000 2792 52.7046
24.68000 3160 55.9017
24.70000 3332 57.735
24.72000 3310 57.735
24.74000 3123 55.9017
24.76000 2849 53.4522
24.78000 2495 50
24.80000 2152 46.6252
24.82000 1708 41.1693
24.84000 1504 38.9249
24.86000 1389 37.2678
24.88000 1243 35.3553
24.90000 1193 34.5033
24.92000 1189 34.5033
24.94000 1137 33.71
24.96000 1146 33.9032
24.98000 1103 33.1497
25.00000 1094 33.1497
25.02000 1060 32.6164
25.04000 1114 33.3333
25.06000 1121 33.5201
25.08000 1227 35.1364
25.10000 1258 35.5784
25.12000 1369 37.0117
25.14000 1470 38.3482
25.16000 1598 39.841
25.18000 1784 42.2577
25.20000 1755 41.8854
25.22000 1777 42.2577
25.24000 1818 42.6401
25.26000 1848 43.0331
25.28000 1720 41.5227
25.30000 1640 40.4888
25.32000 1674 40.8248
25.34000 1621 40.161
25.36000 1506 38.9249
25.38000 1526 38.9249
25.40000 1591 39.841
25.42000 1645 40.4888
25.44000 1621 40.161
25.46000 1604 40.161
25.48000 1628 40.4888
25.50000 1556 39.5285
25.52000 1436 37.7964
25.54000 1397 37.2678
25.56000 1388 37.2678
25.58000 1344 36.7607
25.60000 1468 38.3482
25.62000 1595 39.841
25.64000 1775 42.2577
25.66000 2069 45.6435
25.68000 2368 48.795
25.70000 2765 52.7046
25.72000 2978 54.2326
25.74000 3269 56.7962
25.76000 3352 57.735
25.78000 3467 58.722
25.80000 3456 58.722
25.82000 3379 57.735
25.84000 3081 55.9017
25.86000 2871 53.4522
25.88000 2628 51.2989
25.90000 2384 48.795
25.92000 2183 46.6252
25.94000 1846 43.0331
25.96000 1699 41.1693
25.98000 1612 40.161
26.00000 1546 39.2232
26.02000 1536 39.2232
26.04000 1514 38.9249
26.06000 1460 38.3482
26.08000 1505 38.9249
26.10000 1466 38.3482
26.12000 1538 39.2232
26.14000 1431 37.7964
26.16000 1430 37.7964
26.18000 1446 38.0693
26.20000 1436 37.7964
26.22000 1488 38.6334
26.24000 1500 38.6334
26.26000 1602 40.161
26.28000 1587 39.841
26.30000 1753 41.8854
26.32000 1926 43.8529
26.34000 2096 45.6435
26.36000 2415 49.3865
26.38000 3012 55.0482
26.40000 4061 63.2456
26.42000 5705 74.5356
26.44000 8264 91.2871
26.46000 11915 119.523
26.48000 15982 158.114
26.50000 20303 223.607
26.52000 24019 223.607
26.54000 26128 316.228
26.56000 25809 223.607
26.58000 24067 223.607
26.60000 21029 223.607
26.62000 16682 158.114
26.64000 12423 129.099
26.66000 8982 95.3463
26.68000 6060 76.6965
26.70000 4345 65.938
26.72000 3417 58.722
26.74000 2854 53.4522
26.76000 2466 49.3865
26.78000 2351 48.2243
26.80000 2292 47.6731
26.82000 2294 47.6731
26.84000 2279 47.6731
26.86000 2318 48.2243
26.88000 2162 46.6252
26.90000 1985 44.7214
26.92000 1890 43.4372
26.94000 1864 43.0331
26.96000 1710 41.5227
26.98000 1614 40.161
27.00000 1442 38.0693
27.02000 1380 37.2678
27.04000 1335 36.5148
27.06000 1361 37.0117
27.08000 1462 38.3482
27.10000 1532 39.2232
27.12000 1544 39.2232
27.14000 1803 42.6401
27.16000 1903 43.4372
27.18000 2267 47.6731
27.20000 2422 49.3865
27.22000 2542 50.637
27.24000 2508 50
27.26000 2448 49.3865
27.28000 2346 48.2243
27.30000 1999 44.7214
27.32000 1852 43.0331
27.34000 1616 40.161
27.36000 1510 38.9249
27.38000 1302 36.0375
27.40000 1250 35.3553
27.42000 1232 35.1364
27.44000 1231 35.1364
27.46000 1147 33.9032
27.48000 1210 34.7105
27.50000 1198 34.7105
27.52000 1203 34.7105
27.54000 1293 36.0375
27.56000 1240 35.1364
27.58000 1262 35.5784
27.60000 1297 36.0375
27.62000 1268 35.5784
27.64000 1326 36.5148
27.66000 1289 35.8057
27.68000 1192 34.5033
27.70000 1125 33.5201
27.72000 1184 34.5033
27.74000 1138 33.71
27.76000 1069 32.6164
27.78000 1159 34.0997
27.80000 1100 33.1497
27.82000 1063 32.6164
27.84000 1062 32.6164
27.86000 1021 31.9438
27.88000 1008 31.7821
27.90000 927 30.429
27.92000 1042 32.2749
27.94000 959 31.0087
27.96000 934 30.5709
27.98000 923 30.429
28.00000 892 29.8807
28.02000 896 29.8807
28.04000 987 31.4658
28.06000 978 31.3112
28.08000 1017 31.9438
28.10000 1076 32.7913
28.12000 1220 34.9215
28.14000 1224 34.9215
28.16000 1387 37.2678
28.18000 1394 37.2678
28.20000 1511 38.9249
28.22000 1455 38.0693
28.24000 1434 37.7964
28.26000 1391 37.2678
28.28000 1384 37.2678
28.30000 1367 37.0117
28.32000 1234 35.1364
28.34000 1226 34.9215
28.36000 1271 35.5784
28.38000 1203 34.7105
28.40000 1230 35.1364
28.42000 1126 33.5201
28.44000 1167 34.0997
28.46000 1123 33.5201
28.48000 1133 33.71
28.50000 1058 32.4443
28.52000 1069 32.6164
28.54000 1062 32.6164
28.56000 996 31.6228
28.58000 1112 33.3333
28.60000 1077 32.7913
28.62000 1085 32.969
28.64000 1142 33.71
28.66000 1164 34.0997
28.68000 1176 34.2997
28.70000 1245 35.3553
28.72000 1168 34.0997
28.74000 1156 33.9032
28.76000 1094 33.1497
28.78000 1013 31.7821
28.80000 1005 31.6228
28.82000 995 31.4658
28.84000 907 30.1511
28.86000 948 30.8607
28.88000 907 30.1511
28.90000 919 30.2891
28.92000 938 30.5709
28.94000 896 29.8807
28.96000 903 30.015
28.98000 907 30.1511
29.00000 865 29.361
29.02000 956 30.8607
29.04000 971 31.1588
29.06000 980 31.3112
29.08000 979 31.3112
29.10000 1039 32.2749
29.12000 1027 32.1081
29.14000 1039 32.2749
29.16000 1128 33.5201
29.18000 1240 35.1364
29.20000 1301 36.0375
29.22000 1437 37.7964
29.24000 1583 39.841
29.26000 1641 40.4888
29.28000 1636 40.4888
29.30000 1590 39.841
29.32000 1439 38.0693
29.34000 1309 36.2738
29.36000 1234 35.1364
29.38000 1060 32.6164
29.40000 954 30.8607
29.42000 815 28.5133
29.44000 728 27.0172
29.46000 781 27.9508
29.48000 775 27.8423
29.50000 761 27.6289
29.52000 788 28.0607
29.54000 821 28.6299
29.56000 878 29.6174
29.58000 961 31.0087
29.60000 1040 32.2749
29.62000 1025 31.9438
29.64000 1002 31.6228
29.66000 1075 32.7913
29.68000 1061 32.6164
29.70000 1032 32.1081
29.72000 979 31.3112
29.74000 953 30.8607
29.76000 938 30.5709
29.78000 952 30.8607
29.80000 937 30.5709
29.82000 937 30.5709
29.84000 848 29.1111
29.86000 824 28.748
29.88000 857 29.2353
29.90000 802 28.2843
29.92000 708 26.6312
29.94000 702 26.5372
29.96000 737 27.1163
29.98000 722 26.8221
30.00000 676 25.9938
30.02000 704 26.5372
30.04000 679 26.082
30.06000 680 26.082
30.08000 676 25.9938
30.10000 683 26.1712
30.12000 666 25.8199
30.14000 686 26.1712
30.16000 654 25.5655
30.18000 691 26.2613
30.20000 668 25.8199
30.22000 705 26.5372
30.24000 716 26.7261
30.26000 688 26.2613
30.28000 760 27.5241
30.30000 781 27.9508
30.32000 852 29.2353
30.34000 885 29.7482
30.36000 960 31.0087
30.38000 998 31.6228
30.40000 1033 32.1081
30.42000 1120 33.5201
30.44000 1127 33.5201
30.46000 1126 33.5201
30.48000 1092 32.969
30.50000 1068 32.6164
30.52000 1040 32.2749
30.54000 1082 32.969
30.56000 1182 34.2997
30.58000 1206 34.7105
30.60000 1289 35.8057
30.62000 1282 35.8057
30.64000 1192 34.5033
30.66000 1224 34.9215
30.68000 1187 34.5033
30.70000 1110 33.3333
30.72000 949 30.8607
30.74000 938 30.5709
30.76000 789 28.0607
30.78000 757 27.5241
30.80000 728 27.0172
30.82000 719 26.8221
30.84000 631 25.1577
30.86000 683 26.1712
30.88000 699 26.4443
30.90000 695 26.3523
30.92000 663 25.7343
30.94000 675 25.9938
30.96000 694 26.3523
30.98000 660 25.6495
31.00000 652 25.5655
31.02000 678 26.082
31.04000 648 25.4824
31.06000 650 25.4824
31.08000 655 25.5655
31.10000 671 25.9064
31.12000 688 26.2613
31.14000 767 27.735
31.16000 760 27.5241
31.18000 815 28.5133
31.20000 807 28.3981
31.22000 858 29.2353
31.24000 944 30.7148
31.26000 921 30.2891
31.28000 939 30.7148
31.30000 909 30.1511
31.32000 895 29.8807
31.34000 922 30.429
31.36000 829 28.748
31.38000 919 30.2891
31.40000 928 30.429
31.42000 973 31.1588
31.44000 1027 32.1081
31.46000 1068 32.6164
31.48000 1086 32.969
31.50000 1092 32.969
31.52000 1081 32.7913
31.54000 991 31.4658
31.56000 997 31.6228
31.58000 908 30.1511
31.60000 875 29.6174
31.62000 849 29.1111
31.64000 832 28.8675
31.66000 799 28.2843
31.68000 872 29.4884
31.70000 972 31.1588
31.72000 933 30.5709
31.74000 1043 32.2749
31.76000 1047 32.2749
31.78000 1100 33.1497
31.80000 1038 32.2749
31.82000 973 31.1588
31.84000 954 30.8607
31.86000 904 30.015
31.88000 842 28.9886
31.90000 797 28.2843
31.92000 732 27.0172
31.94000 701 26.4443
31.96000 705 26.5372
31.98000 728 27.0172
32.00000 695 26.3523
32.02000 718 26.8221
32.04000 755 27.5241
32.06000 746 27.3179
32.08000 790 28.0607
32.10000 774 27.8423
32.12000 730 27.0172
32.14000 738 27.1163
32.16000 739 27.2166
32.18000 681 26.082
32.20000 677 25.9938
32.22000 642 25.3185
32.24000 640 25.3185
32.26000 643 25.3185
32.28000 628 25.0785
32.30000 637 25.2377
32.32000 690 26.2613
32.34000 720 26.8221
32.36000 726 26.9191
32.38000 709 26.6312
32.40000 766 27.6289
32.42000 769 27.735
32.44000 773 27.8423
32.46000 841 28.9886
32.48000 813 28.5133
32.50000 870 29.4884
32.52000 890 29.8807
32.54000 899 30.015
32.56000 889 29.8807
32.58000 877 29.6174
32.60000 815 28.5133
32.62000 810 28.5133
32.64000 792 28.1718
32.66000 751 27.4204
32.68000 790 28.0607
32.70000 772 27.735
32.72000 705 26.5372
32.74000 674 25.9938
32.76000 661 25.7343
32.78000 721 26.8221
32.80000 637 25.2377
32.82000 674 25.9938
32.84000 690 26.2613
32.86000 684 26.1712
32.88000 636 25.2377
32.90000 632 25.1577
32.92000 634 25.1577
32.94000 633 25.1577
32.96000 588 24.2536
32.98000 600 24.4704
33.00000 609 24.6932
33.02000 631 25.1577
33.04000 599 24.4704
33.06000 669 25.9064
33.08000 654 25.5655
33.10000 679 26.082
33.12000 738 27.1163
33.14000 680 26.082
33.16000 783 27.9508
33.18000 853 29.2353
33.20000 900 30.015
33.22000 863 29.361
33.24000 805 28.3981
33.26000 831 28.8675
33.28000 783 27.9508
33.30000 750 27.4204
33.32000 715 26.7261
33.34000 705 26.5372
33.36000 692 26.2613
33.38000 676 25.9938
33.40000 631 25.1577
33.42000 657 25.6495
33.44000 674 25.9938
33.46000 657 25.6495
33.48000 691 26.2613
33.50000 682 26.082
33.52000 685 26.1712
33.54000 702 26.5372
33.56000 720 26.8221
33.58000 767 27.735
33.60000 733 27.1163
33.62000 753 27.4204
33.64000 706 26.5372
33.66000 727 26.9191
33.68000 695 26.3523
33.70000 732 27.0172
33.72000 734 27.1163
33.74000 653 25.5655
33.76000 652 25.5655
33.78000 612 24.7689
33.80000 632 25.1577
33.82000 612 24.7689
33.84000 593 24.3252
33.86000 615 24.7689
33.88000 588 24.2536
33.90000 650 25.4824
33.92000 605 24.6183
33.94000 640 25.3185
33.96000 633 25.1577
33.98000 638 25.2377
