# fwhm_typ 0.29028 noise 36.035
4.21669 166.870 397.681 0.4196 9.5
7.21075 683.957 1985.365 0.3445 33.4
8.10149 1102.089 3788.264 0.2909 84.4
8.57997 796.030 1379.814 0.5769 10.1
9.41481 1672.420 6030.292 0.2773 173.9
12.88190 1122.406 3765.773 0.2981 79.6
13.93560 4358.718 10438.435 0.4176 285.7
14.54621 1364.012 4355.642 0.3132 72.1
15.31492 1376.807 5880.940 0.2341 136.0
16.35524 976.574 3436.654 0.2842 72.0
17.25487 1458.797 4087.944 0.3569 89.2
17.60924 867.952 2469.125 0.3515 22.5
18.60988 4790.737 8300.817 0.5771 134.7
19.02040 2853.420 7160.100 0.3985 71.7
19.43538 3110.760 8936.903 0.3481 234.7
20.98586 7351.854 20110.257 0.3656 230.2
21.90437 2626.317 7031.786 0.3735 41.2
22.55406 3571.197 8967.010 0.3983 182.3
23.76416 3820.619 5628.780 0.6788 152.4
24.72037 1637.760 5024.674 0.3259 86.6
25.33440 3003.624 8690.292 0.3456 156.2
25.98581 5641.219 10222.188 0.5519 259.3
27.24761 4348.497 8019.228 0.5423 177.4
28.55786 2197.648 6505.254 0.3378 163.4
29.66690 401.293 1127.169 0.3560 19.0
32.06804 1197.203 3754.380 0.3189 94.3
33.60234 798.265 1726.067 0.4625 46.9
34.43131 265.174 955.019 0.2777 18.7
35.53615 593.752 964.739 0.6155 27.5
36.64318 220.482 701.570 0.3143 18.3
37.88406 465.471 984.520 0.4728 5.4
39.16461 1319.955 2028.843 0.6506 63.2
39.81691 607.818 1011.080 0.6012 11.4
41.18270 875.338 1387.996 0.6306 34.2
41.80729 432.562 953.400 0.4537 13.6
42.49931 574.263 1222.386 0.4698 23.4
43.99688 645.065 902.279 0.7149 15.1
45.25575 133.629 300.805 0.4442 8.2
52.20700 261.987 404.915 0.6470 6.1
54.61479 141.106 297.049 0.4750 6.1
55.52561 76.438 205.215 0.3725 5.4
