# fwhm_typ 0.19057 noise 23.164
7.44742 97.463 556.826 0.1750 21.7
8.22193 170.823 880.077 0.1941 41.9
8.74019 84.296 312.179 0.2700 11.2
10.65143 6313.906 36835.177 0.1714 1647.0
11.41821 1071.822 6305.392 0.1700 258.4
11.85363 272.619 684.921 0.3980 8.6
12.22015 782.273 4399.476 0.1778 183.7
13.88215 287.843 1596.684 0.1803 70.5
14.78050 3529.049 20816.817 0.1695 911.0
15.23401 3132.707 18025.793 0.1738 686.9
16.55220 3530.743 19524.468 0.1808 852.5
17.57063 201.074 1014.562 0.1982 25.4
18.14379 1361.182 6649.407 0.2047 285.0
19.53077 1651.626 7343.832 0.2249 261.4
20.02887 1622.195 8555.743 0.1896 361.9
20.51465 1152.126 2844.367 0.4051 98.7
21.49694 923.143 3353.422 0.2753 129.5
22.55251 7486.438 38473.023 0.1946 1679.0
23.21007 1688.160 8535.866 0.1978 340.0
23.80848 789.836 3673.206 0.2150 122.3
24.20731 793.651 3028.151 0.2621 95.1
25.05156 951.813 3739.592 0.2545 147.5
25.68771 752.233 2379.797 0.3161 62.5
26.40877 460.965 1174.995 0.3923 37.9
27.17290 947.255 4295.391 0.2205 175.8
27.86055 723.732 3307.042 0.2188 140.1
28.85430 2731.118 10929.366 0.2499 461.8
29.31692 1041.712 4130.853 0.2522 121.1
30.25487 557.642 1806.461 0.3087 22.3
30.82792 728.861 2096.262 0.3477 56.1
31.98958 418.267 1189.486 0.3516 39.8
32.47922 306.436 1309.059 0.2341 48.8
33.05593 447.950 1813.230 0.2470 45.3
33.41429 1010.554 2132.390 0.4739 93.6
34.45335 55.131 268.282 0.2055 11.0
35.56209 637.771 2226.458 0.2865 98.5
36.67968 180.053 433.185 0.4156 16.3
37.48598 427.619 1348.098 0.3172 33.8
38.02713 514.151 1484.889 0.3463 62.4
38.66425 221.495 923.200 0.2399 35.9
39.37548 203.278 533.656 0.3809 16.4
40.00194 120.154 433.991 0.2769 13.0
40.94033 156.312 490.976 0.3184 20.4
41.70094 300.088 937.620 0.3201 40.2
42.26111 190.098 698.076 0.2723 25.7
42.90408 290.387 847.613 0.3426 35.2
43.78367 75.299 178.751 0.4212 6.1
48.04722 68.899 213.681 0.3224 7.1
48.73426 148.022 528.337 0.2802 18.9
55.74412 116.806 305.239 0.3827 13.1
59.86137 50.510 110.137 0.4586 5.7
