# fwhm_typ 0.19893 noise 40.678
7.64208 422.949 1148.057 0.3684 8.0
9.21264 3855.236 16420.844 0.2348 404.7
9.54890 780.569 3259.522 0.2395 18.8
10.88505 5809.288 17094.872 0.3398 449.0
11.52566 2216.745 10572.335 0.2097 192.6
13.84836 1304.539 5281.698 0.2470 70.0
14.38979 2722.294 10818.913 0.2516 140.3
14.82010 5513.806 15104.656 0.3650 393.0
15.28393 3354.518 10940.611 0.3066 83.7
15.48999 2642.789 12370.826 0.2136 194.1
16.31899 668.599 2922.204 0.2288 62.7
17.97589 1946.848 7281.749 0.2674 90.5
18.30779 2406.123 7533.664 0.3194 38.8
18.45931 3137.347 8339.152 0.3762 158.0
18.96785 2418.951 11678.034 0.2071 268.2
19.67725 2286.439 8864.585 0.2579 184.4
20.58637 4911.324 24225.710 0.2027 590.9
21.61168 2274.308 8738.525 0.2603 88.9
21.86864 2843.635 9743.965 0.2918 223.4
22.64071 2054.898 6362.454 0.3230 33.8
23.17981 16160.966 83718.894 0.1930 2066.1
23.33053 7301.639 16211.538 0.4504 19.1
23.84079 3595.058 14033.642 0.2562 225.7
24.39773 975.780 3763.754 0.2593 44.6
25.07614 1259.946 4231.965 0.2977 30.5
25.54213 6509.919 26713.112 0.2437 657.8
25.91546 1512.184 6112.114 0.2474 26.9
26.55254 2171.659 6701.990 0.3240 135.9
27.34464 1980.299 5665.258 0.3496 124.3
27.90978 458.933 2346.997 0.1955 45.1
28.51829 1714.891 5114.021 0.3353 66.9
28.93773 2378.064 10414.465 0.2283 248.1
29.59875 120.195 696.184 0.1726 14.6
30.05318 313.666 1276.681 0.2457 16.7
30.51026 891.736 2185.250 0.4081 6.0
30.80776 1802.998 8382.130 0.2151 208.2
31.38172 966.619 2921.360 0.3309 62.5
32.62623 832.802 2683.250 0.3104 27.4
32.94845 1601.593 4568.277 0.3506 116.9
33.49628 413.474 1686.760 0.2451 25.8
33.99125 470.423 2472.652 0.1903 55.9
34.74661 674.189 2648.728 0.2545 64.1
35.02083 478.090 1316.406 0.3632 5.2
35.61137 529.706 2751.387 0.1925 63.5
36.55716 811.097 2554.215 0.3176 32.0
37.03994 652.995 2483.626 0.2629 49.3
37.47392 546.572 2015.682 0.2712 28.6
38.03600 198.422 971.012 0.2043 22.1
38.53372 123.661 525.206 0.2355 5.8
38.97968 372.420 1205.269 0.3090 20.6
39.71695 289.504 1198.754 0.2415 14.7
41.17476 756.725 2376.629 0.3184 61.6
41.59955 304.067 1345.512 0.2260 18.4
41.98474 331.886 789.294 0.4205 10.4
43.01804 392.621 1416.017 0.2773 25.0
43.32613 293.851 748.070 0.3928 6.5
44.16349 466.059 1537.372 0.3032 28.7
45.16481 456.431 1552.506 0.2940 29.9
45.72090 544.907 1802.810 0.3023 35.9
46.24182 632.148 2326.499 0.2717 50.5
46.65752 354.946 1120.516 0.3168 12.1
47.37975 449.554 1061.902 0.4233 12.4
47.78730 584.005 1347.888 0.4333 27.5
48.14041 363.889 1224.151 0.2973 11.1
48.39313 458.663 1281.047 0.3580 15.1
48.79383 166.392 644.826 0.2580 5.8
49.35137 81.506 319.297 0.2553 6.1
49.95241 383.063 1020.583 0.3753 16.4
50.49923 501.732 2035.880 0.2464 49.1
50.99475 360.065 836.381 0.4305 9.2
51.45208 390.325 1408.468 0.2771 23.7
52.19820 464.038 959.496 0.4836 6.0
53.36815 383.162 788.710 0.4858 15.7
54.78816 180.421 664.264 0.2716 12.5
56.58822 171.935 551.244 0.3119 7.5
57.86212 177.839 615.926 0.2887 12.8
59.31439 90.368 277.858 0.3252 6.0
59.99421 172.371 427.576 0.4031 5.5
60.39429 178.001 542.536 0.3281 5.4
61.95896 143.447 516.209 0.2779 5.9
63.22261 146.912 357.119 0.4114 9.6
64.19614 88.922 222.932 0.3989 5.6
65.45940 120.033 346.770 0.3461 6.0
66.21818 122.854 332.129 0.3699 5.2
