# fwhm_typ 0.04379 noise 63.374
5.56009 387.546 9314.712 0.0416 140.3
7.60535 657.247 18182.805 0.0361 274.7
7.97581 364.425 8856.566 0.0411 128.0
8.36021 1506.050 45360.374 0.0332 684.7
8.81149 243.200 5519.737 0.0441 61.1
10.04789 3728.893 95717.471 0.0390 1433.0
10.50720 389.663 5459.964 0.0714 43.8
10.95038 12729.560 279697.473 0.0455 4288.0
11.13398 12808.347 249058.512 0.0514 3803.8
11.43862 8148.809 189052.449 0.0431 2941.5
11.56450 272.587 6040.426 0.0451 69.2
11.82727 2085.193 48292.547 0.0432 736.3
12.18441 188.142 4356.122 0.0432 65.6
12.51006 18023.402 322033.123 0.0560 5129.1
12.73372 136.238 2780.170 0.0490 37.9
13.15357 146.012 2592.697 0.0563 10.6
13.21569 266.369 4960.137 0.0537 76.7
13.95404 516.344 11412.936 0.0452 170.2
14.09195 97.820 2130.224 0.0459 23.2
14.19549 653.825 16637.088 0.0393 251.4
14.47012 910.283 23271.683 0.0391 354.9
14.80268 6832.449 166805.271 0.0410 2490.0
14.90314 9264.837 250147.930 0.0370 3868.5
15.09255 84.962 1854.728 0.0458 21.6
15.66281 5760.664 135406.700 0.0425 2099.0
16.00746 1870.170 44194.920 0.0423 683.9
16.16701 79.574 1680.057 0.0474 15.6
16.28648 4314.019 99201.032 0.0435 1528.7
16.49480 4267.527 101746.258 0.0419 1564.1
16.77699 5185.081 145571.211 0.0356 2235.3
17.02720 4784.727 128795.646 0.0371 2005.3
17.25936 7768.934 185796.018 0.0418 2923.6
17.68939 1212.430 32191.006 0.0377 504.0
17.94404 518.672 10174.580 0.0510 155.4
18.09364 949.080 20140.220 0.0471 293.4
18.20692 1050.670 20384.275 0.0515 314.9
18.59086 2597.231 45226.943 0.0574 730.8
18.75769 624.381 11598.400 0.0538 175.7
18.98990 6568.227 151582.937 0.0433 2367.9
19.36024 185.096 4064.896 0.0455 62.8
19.62641 1988.111 31667.111 0.0628 502.0
19.94379 2754.520 50052.584 0.0550 778.6
20.18352 353.957 8007.634 0.0442 118.8
20.36203 3192.346 55183.459 0.0578 910.5
20.54612 1401.501 32997.375 0.0425 507.6
20.99067 370.046 7410.200 0.0499 96.3
21.30483 577.322 7751.373 0.0745 115.3
21.54070 994.632 19071.978 0.0522 295.4
21.77113 846.244 12786.036 0.0662 195.6
21.98058 491.219 11858.670 0.0414 182.9
22.04530 624.401 7342.316 0.0850 53.0
22.51399 260.314 6701.527 0.0388 105.2
22.62369 165.302 2463.064 0.0671 29.9
23.01360 703.584 9664.409 0.0728 158.3
23.14915 110.815 1662.561 0.0667 14.7
23.27384 86.367 1427.219 0.0605 14.3
23.40592 1278.885 21100.975 0.0606 340.3
23.53955 162.324 2216.531 0.0732 20.2
23.79406 2296.818 43895.679 0.0523 686.9
23.97220 387.130 5604.820 0.0691 53.8
24.09393 671.330 8042.151 0.0835 34.0
24.29214 335.230 6891.912 0.0486 97.8
24.49256 518.914 10485.311 0.0495 157.5
24.78548 331.911 7647.768 0.0434 106.7
24.90113 539.893 11995.622 0.0450 183.9
25.28685 242.165 6633.983 0.0365 102.2
25.44575 646.142 15964.780 0.0405 247.7
25.60057 777.962 11145.719 0.0698 173.6
25.91534 311.119 4632.973 0.0672 14.0
25.97457 1137.377 25175.256 0.0452 383.8
26.09600 284.305 6179.182 0.0460 74.8
26.28700 981.238 10800.607 0.0909 159.4
26.46190 760.131 16094.681 0.0472 191.0
26.54880 692.530 12016.545 0.0576 119.2
26.65624 2350.912 39574.060 0.0594 617.1
26.91081 63.279 1334.826 0.0474 18.5
27.28024 375.435 5271.431 0.0712 80.4
27.53092 118.218 1623.494 0.0728 12.2
27.62947 626.672 10504.400 0.0597 163.4
27.86315 681.445 13488.489 0.0505 211.5
27.97634 319.422 7044.767 0.0453 98.0
28.12059 576.896 9381.058 0.0615 140.9
28.31893 421.517 5473.796 0.0770 24.7
28.61812 447.253 5404.194 0.0828 83.1
28.73980 300.657 3826.511 0.0786 32.7
28.91933 323.542 4196.846 0.0771 32.0
29.10659 702.309 7473.523 0.0940 125.3
29.42473 539.198 5058.365 0.1066 78.9
29.55863 242.145 3825.171 0.0633 33.0
29.73195 455.242 6611.445 0.0689 101.4
29.85522 265.001 4835.586 0.0548 62.5
30.29131 79.943 1750.510 0.0457 23.6
30.43875 251.482 2654.137 0.0948 38.2
30.69294 1068.588 21676.885 0.0493 335.0
30.87251 294.716 6493.534 0.0454 85.8
31.14205 154.920 1697.034 0.0913 16.0
31.82352 521.353 9580.225 0.0544 144.9
31.94185 296.149 4550.664 0.0651 41.9
32.24784 279.327 4803.192 0.0582 71.5
32.33032 133.148 2034.316 0.0655 15.3
32.51709 302.584 3458.356 0.0875 30.0
32.64771 368.351 3554.148 0.1036 55.9
32.96324 150.893 2734.725 0.0552 30.8
33.17217 298.706 4363.142 0.0685 61.6
33.45088 186.452 2485.630 0.0750 12.6
33.60615 262.689 4070.836 0.0645 53.3
33.72781 100.047 1576.253 0.0635 15.2
33.82830 289.160 5054.401 0.0572 38.8
33.91862 532.593 9800.464 0.0543 153.4
34.08217 197.433 2670.825 0.0739 32.4
34.42642 39.447 811.850 0.0486 7.2
34.58041 207.675 3663.914 0.0567 39.7
34.70318 480.783 7175.404 0.0670 112.7
34.85114 125.712 1768.493 0.0711 5.9
34.98542 219.166 2411.980 0.0909 10.6
35.12757 307.672 5347.637 0.0575 77.6
35.42237 100.266 1388.242 0.0722 5.7
35.51151 473.085 8014.983 0.0590 123.9
35.78048 75.242 1263.380 0.0596 17.3
36.04437 112.445 1949.351 0.0577 21.1
36.17413 264.557 3959.934 0.0668 62.8
36.31484 78.287 1734.636 0.0451 24.5
36.38732 30.160 660.088 0.0457 5.8
36.70213 244.723 3255.834 0.0752 38.4
36.91005 300.851 3545.450 0.0849 55.6
37.01975 109.583 1756.508 0.0624 15.9
37.79097 330.516 4047.880 0.0817 60.2
37.90806 156.581 1734.949 0.0903 13.5
38.07462 172.778 3109.561 0.0556 42.8
38.39931 43.506 880.938 0.0494 11.2
38.52544 131.241 2091.968 0.0627 27.5
38.89324 447.031 6779.157 0.0659 105.7
39.16651 47.925 478.833 0.1001 5.5
39.48269 115.996 1264.358 0.0917 19.4
39.90671 264.000 2548.810 0.1036 18.8
40.13844 127.009 2168.912 0.0586 31.3
41.03656 231.784 2535.746 0.0914 33.9
42.52569 111.982 1613.078 0.0694 23.1
42.89270 162.760 2586.357 0.0629 38.7
43.65289 317.155 3577.876 0.0886 56.8
43.91868 130.468 1390.423 0.0938 15.4
44.41965 309.335 3658.536 0.0846 59.1
44.64213 87.520 920.896 0.0950 9.8
44.83203 110.605 1188.201 0.0931 15.9
45.27767 127.263 1509.253 0.0843 10.4
45.36572 153.385 1780.258 0.0862 25.1
45.62906 48.359 826.866 0.0585 13.3
45.81471 64.484 874.616 0.0737 13.1
46.02814 154.897 1658.327 0.0934 28.1
46.35376 41.544 544.389 0.0763 6.2
46.55074 115.933 1757.172 0.0660 27.4
46.82759 42.231 651.818 0.0648 9.5
47.04771 112.100 1167.030 0.0961 15.2
47.24110 129.614 1430.110 0.0906 22.0
48.01057 88.500 812.429 0.1089 5.9
48.84292 158.702 1512.283 0.1049 5.6
49.93223 89.938 877.865 0.1025 11.4
55.46941 53.667 718.057 0.0747 11.4
57.05119 54.801 695.587 0.0788 10.2
