# columns: two_theta_deg intensity sigma
3.00657 188 13.7113
3.01970 182 13.4907
3.03283 191 13.8203
3.04596 170 13.0384
3.05909 186 13.6382
3.07222 206 14.3527
3.08535 185 13.6015
3.09848 203 14.2478
3.11161 196 14
3.12474 154 12.4097
3.13787 196 14
3.15100 190 13.784
3.16413 157 12.53
3.17726 175 13.2288
3.19039 195 13.9642
3.20352 189 13.7477
3.21665 187 13.6748
3.22978 188 13.7113
3.24291 168 12.9615
3.25604 196 14
3.26917 187 13.6748
3.28230 187 13.6748
3.29543 183 13.5278
3.30856 192 13.8564
3.32169 188 13.7113
3.33482 181 13.4536
3.34795 186 13.6382
3.36108 182 13.4907
3.37421 198 14.0712
3.38734 218 14.7648
3.40047 192 13.8564
3.41360 191 13.8203
3.42673 196 14
3.43986 194 13.9284
3.45299 188 13.7113
3.46612 182 13.4907
3.47925 190 13.784
3.49238 177 13.3041
3.50551 217 14.7309
3.51864 173 13.1529
3.53177 196 14
3.54490 176 13.2665
3.55803 194 13.9284
3.57116 194 13.9284
3.58429 183 13.5278
3.59742 160 12.6491
3.61055 164 12.8062
3.62368 160 12.6491
3.63681 189 13.7477
3.64994 221 14.8661
3.66307 191 13.8203
3.67620 187 13.6748
3.68933 162 12.7279
3.70246 192 13.8564
3.71559 193 13.8924
3.72872 178 13.3417
3.74185 173 13.1529
3.75498 196 14
3.76811 187 13.6748
3.78124 191 13.8203
3.79437 205 14.3178
3.80750 184 13.5647
3.82063 173 13.1529
3.83376 180 13.4164
3.84689 172 13.1149
3.86002 193 13.8924
3.87315 188 13.7113
3.88628 190 13.784
3.89941 216 14.6969
3.91254 192 13.8564
3.92567 201 14.1775
3.93880 178 13.3417
3.95193 203 14.2478
3.96506 207 14.3875
3.97819 187 13.6748
3.99132 192 13.8564
4.00445 196 14
4.01758 191 13.8203
4.03071 208 14.4222
4.04384 193 13.8924
4.05697 176 13.2665
4.07010 187 13.6748
4.08323 201 14.1775
4.09636 186 13.6382
4.10949 187 13.6748
4.12262 175 13.2288
4.13575 225 15
4.14888 215 14.6629
4.16201 191 13.8203
4.17514 200 14.1421
4.18827 197 14.0357
4.20140 166 12.8841
4.21453 192 13.8564
4.22766 209 14.4568
4.24079 204 14.2829
4.25392 194 13.9284
4.26705 182 13.4907
4.28018 176 13.2665
4.29331 205 14.3178
4.30644 217 14.7309
4.31957 204 14.2829
4.33270 202 14.2127
4.34583 198 14.0712
4.35896 183 13.5278
4.37209 178 13.3417
4.38522 192 13.8564
4.39835 201 14.1775
4.41148 187 13.6748
4.42461 208 14.4222
4.43774 205 14.3178
4.45087 224 14.9666
4.46400 202 14.2127
4.47713 226 15.0333
4.49026 180 13.4164
4.50339 198 14.0712
4.51652 224 14.9666
4.52965 199 14.1067
4.54278 212 14.5602
4.55591 201 14.1775
4.56904 210 14.4914
4.58217 213 14.5945
4.59530 208 14.4222
4.60843 181 13.4536
4.62156 191 13.8203
4.63469 195 13.9642
4.64782 194 13.9284
4.66095 238 15.4272
4.67408 195 13.9642
4.68721 221 14.8661
4.70034 211 14.5258
4.71347 214 14.6287
4.72660 203 14.2478
4.73973 186 13.6382
4.75286 220 14.8324
4.76599 209 14.4568
4.77912 210 14.4914
4.79225 220 14.8324
4.80538 236 15.3623
4.81851 208 14.4222
4.83164 220 14.8324
4.84477 216 14.6969
4.85790 232 15.2316
4.87103 223 14.9332
4.88416 205 14.3178
4.89729 205 14.3178
4.91042 193 13.8924
4.92355 231 15.1987
4.93668 219 14.7986
4.94981 216 14.6969
4.96294 224 14.9666
4.97607 196 14
4.98920 212 14.5602
5.00233 230 15.1657
5.01546 212 14.5602
5.02859 196 14
5.04172 222 14.8997
5.05485 243 15.5885
5.06798 221 14.8661
5.08111 241 15.5242
5.09424 248 15.748
5.10737 245 15.6525
5.12050 247 15.7162
5.13363 246 15.6844
5.14676 248 15.748
5.15989 216 14.6969
5.17302 211 14.5258
5.18615 227 15.0665
5.19928 210 14.4914
5.21241 204 14.2829
5.22554 213 14.5945
5.23867 228 15.0997
5.25180 243 15.5885
5.26493 207 14.3875
5.27806 257 16.0312
5.29119 225 15
5.30432 184 13.5647
5.31745 219 14.7986
5.33058 219 14.7986
5.34371 216 14.6969
5.35684 165 12.8452
5.36997 202 14.2127
5.38310 218 14.7648
5.39623 218 14.7648
5.40936 202 14.2127
5.42249 225 15
5.43562 216 14.6969
5.44875 183 13.5278
5.46188 225 15
5.47501 209 14.4568
5.48814 223 14.9332
5.50127 245 15.6525
5.51440 217 14.7309
5.52753 221 14.8661
5.54066 202 14.2127
5.55379 206 14.3527
5.56692 206 14.3527
5.58005 226 15.0333
5.59318 204 14.2829
5.60631 234 15.2971
5.61944 239 15.4596
5.63257 225 15
5.64570 224 14.9666
5.65883 211 14.5258
5.67196 205 14.3178
5.68509 216 14.6969
5.69822 218 14.7648
5.71135 194 13.9284
5.72448 214 14.6287
5.73761 197 14.0357
5.75074 232 15.2316
5.76387 219 14.7986
5.77700 232 15.2316
5.79013 211 14.5258
5.80326 230 15.1657
5.81639 205 14.3178
5.82952 228 15.0997
5.84265 216 14.6969
5.85578 236 15.3623
5.86891 247 15.7162
5.88204 222 14.8997
5.89517 184 13.5647
5.90830 209 14.4568
5.92143 225 15
5.93456 212 14.5602
5.94769 211 14.5258
5.96082 190 13.784
5.97395 186 13.6382
5.98708 192 13.8564
6.00021 241 15.5242
6.01334 227 15.0665
6.02647 215 14.6629
6.03960 221 14.8661
6.05273 217 14.7309
6.06586 198 14.0712
6.07899 215 14.6629
6.09212 211 14.5258
6.10525 232 15.2316
6.11838 219 14.7986
6.13151 206 14.3527
6.14464 206 14.3527
6.15777 238 15.4272
6.17090 205 14.3178
6.18403 218 14.7648
6.19716 243 15.5885
6.21029 208 14.4222
6.22342 216 14.6969
6.23655 217 14.7309
6.24968 201 14.1775
6.26281 210 14.4914
6.27594 226 15.0333
6.28907 227 15.0665
6.30220 221 14.8661
6.31533 210 14.4914
6.32846 230 15.1657
6.34159 197 14.0357
6.35472 214 14.6287
6.36785 227 15.0665
6.38098 205 14.3178
6.39411 199 14.1067
6.40724 224 14.9666
6.42037 234 15.2971
6.43350 188 13.7113
6.44663 218 14.7648
6.45976 241 15.5242
6.47289 230 15.1657
6.48602 211 14.5258
6.49915 220 14.8324
6.51228 224 14.9666
6.52541 206 14.3527
6.53854 212 14.5602
6.55167 251 15.843
6.56480 209 14.4568
6.57793 225 15
6.59106 219 14.7986
6.60419 223 14.9332
6.61732 239 15.4596
6.63045 209 14.4568
6.64358 235 15.3297
6.65671 203 14.2478
6.66984 215 14.6629
6.68297 223 14.9332
6.69610 220 14.8324
6.70923 207 14.3875
6.72236 223 14.9332
6.73549 224 14.9666
6.74862 234 15.2971
6.76175 231 15.1987
6.77488 226 15.0333
6.78801 276 16.6132
6.80114 230 15.1657
6.81427 225 15
6.82740 215 14.6629
6.84053 231 15.1987
6.85366 227 15.0665
6.86679 242 15.5564
6.87992 270 16.4317
6.89305 245 15.6525
6.90618 245 15.6525
6.91931 224 14.9666
6.93244 236 15.3623
6.94557 233 15.2643
6.95870 225 15
6.97183 233 15.2643
6.98496 231 15.1987
6.99809 233 15.2643
7.01122 226 15.0333
7.02435 229 15.1327
7.03748 242 15.5564
7.05061 259 16.0935
7.06374 226 15.0333
7.07687 210 14.4914
7.09000 239 15.4596
7.10313 239 15.4596
7.11626 248 15.748
7.12939 248 15.748
7.14252 251 15.843
7.15565 219 14.7986
7.16878 244 15.6205
7.18191 225 15
7.19504 258 16.0624
7.20817 229 15.1327
7.22130 232 15.2316
7.23443 234 15.2971
7.24756 222 14.8997
7.26069 214 14.6287
7.27382 236 15.3623
7.28695 249 15.7797
7.30008 244 15.6205
7.31321 220 14.8324
7.32634 206 14.3527
7.33947 240 15.4919
7.35260 257 16.0312
7.36573 241 15.5242
7.37886 220 14.8324
7.39199 224 14.9666
7.40512 185 13.6015
7.41825 244 15.6205
7.43138 201 14.1775
7.44451 256 16
7.45764 242 15.5564
7.47077 259 16.0935
7.48390 239 15.4596
7.49703 235 15.3297
7.51016 241 15.5242
7.52329 229 15.1327
7.53642 235 15.3297
7.54955 206 14.3527
7.56268 239 15.4596
7.57581 192 13.8564
7.58894 212 14.5602
7.60207 273 16.5227
7.61520 247 15.7162
7.62833 219 14.7986
7.64146 237 15.3948
7.65459 246 15.6844
7.66772 224 14.9666
7.68085 240 15.4919
7.69398 211 14.5258
7.70711 231 15.1987
7.72024 237 15.3948
7.73337 233 15.2643
7.74650 236 15.3623
7.75963 214 14.6287
7.77276 258 16.0624
7.78589 229 15.1327
7.79902 270 16.4317
7.81215 232 15.2316
7.82528 231 15.1987
7.83841 233 15.2643
7.85154 260 16.1245
7.86467 243 15.5885
7.87780 225 15
7.89093 229 15.1327
7.90406 218 14.7648
7.91719 248 15.748
7.93032 204 14.2829
7.94345 232 15.2316
7.95658 257 16.0312
7.96971 231 15.1987
7.98284 236 15.3623
7.99597 257 16.0312
8.00910 275 16.5831
8.02223 224 14.9666
8.03536 240 15.4919
8.04849 286 16.9115
8.06162 248 15.748
8.07475 236 15.3623
8.08788 220 14.8324
8.10101 243 15.5885
8.11414 231 15.1987
8.12727 220 14.8324
8.14040 259 16.0935
8.15353 228 15.0997
8.16666 239 15.4596
8.17979 225 15
8.19292 237 15.3948
8.20605 243 15.5885
8.21918 234 15.2971
8.23231 256 16
8.24544 259 16.0935
8.25857 226 15.0333
8.27170 247 15.7162
8.28483 221 14.8661
8.29796 237 15.3948
8.31109 246 15.6844
8.32422 249 15.7797
8.33735 210 14.4914
8.35048 233 15.2643
8.36361 210 14.4914
8.37674 237 15.3948
8.38987 266 16.3095
8.40300 256 16
8.41613 287 16.9411
8.42926 236 15.3623
8.44239 247 15.7162
8.45552 250 15.8114
8.46865 285 16.8819
8.48178 249 15.7797
8.49491 226 15.0333
8.50804 250 15.8114
8.52117 286 16.9115
8.53430 242 15.5564
8.54743 241 15.5242
8.56056 257 16.0312
8.57369 239 15.4596
8.58682 251 15.843
8.59995 267 16.3401
8.61308 222 14.8997
8.62621 231 15.1987
8.63934 248 15.748
8.65247 262 16.1864
8.66560 238 15.4272
8.67873 261 16.1555
8.69186 249 15.7797
8.70499 245 15.6525
8.71812 239 15.4596
8.73125 231 15.1987
8.74438 260 16.1245
8.75751 262 16.1864
8.77064 224 14.9666
8.78377 246 15.6844
8.79690 259 16.0935
8.81003 249 15.7797
8.82316 270 16.4317
8.83629 246 15.6844
8.84942 236 15.3623
8.86255 236 15.3623
8.87568 257 16.0312
8.88881 282 16.7929
8.90194 258 16.0624
8.91507 239 15.4596
8.92820 275 16.5831
8.94133 250 15.8114
8.95446 242 15.5564
8.96759 264 16.2481
8.98072 246 15.6844
8.99385 245 15.6525
9.00698 269 16.4012
9.02011 246 15.6844
9.03324 291 17.0587
9.04637 261 16.1555
9.05950 276 16.6132
9.07263 246 15.6844
9.08576 249 15.7797
9.09889 270 16.4317
9.11202 238 15.4272
9.12515 226 15.0333
9.13828 243 15.5885
9.15141 291 17.0587
9.16454 267 16.3401
9.17767 206 14.3527
9.19080 228 15.0997
9.20393 231 15.1987
9.21706 284 16.8523
9.23019 245 15.6525
9.24332 236 15.3623
9.25645 244 15.6205
9.26958 243 15.5885
9.28271 237 15.3948
9.29584 282 16.7929
9.30897 227 15.0665
9.32210 259 16.0935
9.33523 244 15.6205
9.34836 256 16
9.36149 280 16.7332
9.37462 233 15.2643
9.38775 280 16.7332
9.40088 256 16
9.41401 275 16.5831
9.42714 231 15.1987
9.44027 269 16.4012
9.45340 230 15.1657
9.46653 250 15.8114
9.47966 245 15.6525
9.49279 260 16.1245
9.50592 270 16.4317
9.51905 270 16.4317
9.53218 256 16
9.54531 248 15.748
9.55844 243 15.5885
9.57157 274 16.5529
9.58470 265 16.2788
9.59783 258 16.0624
9.61096 276 16.6132
9.62409 236 15.3623
9.63722 242 15.5564
9.65035 226 15.0333
9.66348 237 15.3948
9.67661 259 16.0935
9.68974 283 16.8226
9.70287 272 16.4924
9.71600 261 16.1555
9.72913 234 15.2971
9.74226 234 15.2971
9.75539 282 16.7929
9.76852 256 16
9.78165 248 15.748
9.79478 280 16.7332
9.80791 257 16.0312
9.82104 265 16.2788
9.83417 261 16.1555
9.84730 241 15.5242
9.86043 246 15.6844
9.87356 245 15.6525
9.88669 256 16
9.89982 268 16.3707
9.91295 247 15.7162
9.92608 259 16.0935
9.93921 245 15.6525
9.95234 266 16.3095
9.96547 225 15
9.97860 282 16.7929
9.99173 226 15.0333
10.00486 239 15.4596
10.01799 264 16.2481
10.03112 283 16.8226
10.04425 259 16.0935
10.05738 226 15.0333
10.07051 240 15.4919
10.08364 265 16.2788
10.09677 257 16.0312
10.10990 240 15.4919
10.12303 263 16.2173
10.13616 246 15.6844
10.14929 217 14.7309
10.16242 282 16.7929
10.17555 266 16.3095
10.18868 274 16.5529
10.20181 282 16.7929
10.21494 277 16.6433
10.22807 264 16.2481
10.24120 302 17.3781
10.25433 277 16.6433
10.26746 281 16.7631
10.28059 276 16.6132
10.29372 293 17.1172
10.30685 312 17.6635
10.31998 292 17.088
10.33311 288 16.9706
10.34624 280 16.7332
10.35937 262 16.1864
10.37250 277 16.6433
10.38563 268 16.3707
10.39876 266 16.3095
10.41189 278 16.6733
10.42502 256 16
10.43815 239 15.4596
10.45128 279 16.7033
10.46441 265 16.2788
10.47754 262 16.1864
10.49067 248 15.748
10.50380 266 16.3095
10.51693 293 17.1172
10.53006 257 16.0312
10.54319 268 16.3707
10.55632 268 16.3707
10.56945 264 16.2481
10.58258 270 16.4317
10.59571 282 16.7929
10.60884 244 15.6205
10.62197 235 15.3297
10.63510 239 15.4596
10.64823 230 15.1657
10.66136 245 15.6525
10.67449 219 14.7986
10.68762 282 16.7929
10.70075 290 17.0294
10.71388 269 16.4012
10.72701 231 15.1987
10.74014 240 15.4919
10.75327 262 16.1864
10.76640 273 16.5227
10.77953 262 16.1864
10.79266 268 16.3707
10.80579 260 16.1245
10.81892 247 15.7162
10.83205 283 16.8226
10.84518 296 17.2046
10.85831 262 16.1864
10.87144 264 16.2481
10.88457 250 15.8114
10.89770 256 16
10.91083 240 15.4919
10.92396 269 16.4012
10.93709 304 17.4356
10.95022 277 16.6433
10.96335 307 17.5214
10.97648 294 17.1464
10.98961 324 18
11.00274 349 18.6815
11.01587 358 18.9209
11.02900 476 21.8174
11.04213 446 21.1187
11.05526 473 21.7486
11.06839 521 22.8254
11.08152 587 24.2281
11.09465 657 25.632
11.10778 610 24.6982
11.12091 621 24.9198
11.13404 506 22.4945
11.14717 468 21.6333
11.16030 429 20.7123
11.17343 364 19.0788
11.18656 320 17.8885
11.19969 315 17.7482
11.21282 296 17.2046
11.22595 283 16.8226
11.23908 282 16.7929
11.25221 276 16.6132
11.26534 281 16.7631
11.27847 259 16.0935
11.29160 263 16.2173
11.30473 285 16.8819
11.31786 290 17.0294
11.33099 268 16.3707
11.34412 264 16.2481
11.35725 272 16.4924
11.37038 267 16.3401
11.38351 286 16.9115
11.39664 283 16.8226
11.40977 284 16.8523
11.42290 298 17.2627
11.43603 300 17.3205
11.44916 283 16.8226
11.46229 289 17
11.47542 277 16.6433
11.48855 295 17.1756
11.50168 273 16.5227
11.51481 260 16.1245
11.52794 250 15.8114
11.54107 266 16.3095
11.55420 241 15.5242
11.56733 288 16.9706
11.58046 261 16.1555
11.59359 277 16.6433
11.60672 270 16.4317
11.61985 287 16.9411
11.63298 331 18.1934
11.64611 304 17.4356
11.65924 310 17.6068
11.67237 391 19.7737
11.68550 405 20.1246
11.69863 427 20.664
11.71176 499 22.3383
11.72489 603 24.5561
11.73802 650 25.4951
11.75115 854 29.2233
11.76428 965 31.0644
11.77741 1039 32.2336
11.79054 1118 33.4366
11.80367 1150 33.9116
11.81680 1140 33.7639
11.82993 1108 33.2866
11.84306 1070 32.7108
11.85619 1036 32.187
11.86932 972 31.1769
11.88245 851 29.1719
11.89558 703 26.5141
11.90871 608 24.6576
11.92184 480 21.9089
11.93497 403 20.0749
11.94810 408 20.199
11.96123 308 17.5499
11.97436 331 18.1934
11.98749 286 16.9115
12.00062 275 16.5831
12.01375 291 17.0587
12.02688 302 17.3781
12.04001 272 16.4924
12.05314 294 17.1464
12.06627 295 17.1756
12.07940 247 15.7162
12.09253 267 16.3401
12.10566 263 16.2173
12.11879 245 15.6525
12.13192 279 16.7033
12.14505 210 14.4914
12.15818 249 15.7797
12.17131 248 15.748
12.18444 271 16.4621
12.19757 242 15.5564
12.21070 266 16.3095
12.22383 277 16.6433
12.23696 236 15.3623
12.25009 263 16.2173
12.26322 256 16
12.27635 268 16.3707
12.28948 247 15.7162
12.30261 313 17.6918
12.31574 258 16.0624
12.32887 261 16.1555
12.34200 258 16.0624
12.35513 258 16.0624
12.36826 264 16.2481
12.38139 230 15.1657
12.39452 289 17
12.40765 270 16.4317
12.42078 271 16.4621
12.43391 296 17.2046
12.44704 313 17.6918
12.46017 319 17.8606
12.47330 339 18.412
12.48643 329 18.1384
12.49956 378 19.4422
12.51269 371 19.2614
12.52582 376 19.3907
12.53895 370 19.2354
12.55208 365 19.105
12.56521 288 16.9706
12.57834 310 17.6068
12.59147 284 16.8523
12.60460 224 14.9666
12.61773 265 16.2788
12.63086 264 16.2481
12.64399 269 16.4012
12.65712 220 14.8324
12.67025 295 17.1756
12.68338 279 16.7033
12.69651 242 15.5564
12.70964 237 15.3948
12.72277 246 15.6844
12.73590 239 15.4596
12.74903 257 16.0312
12.76216 284 16.8523
12.77529 266 16.3095
12.78842 248 15.748
12.80155 258 16.0624
12.81468 239 15.4596
12.82781 249 15.7797
12.84094 258 16.0624
12.85407 230 15.1657
12.86720 234 15.2971
12.88033 261 16.1555
12.89346 263 16.2173
12.90659 244 15.6205
12.91972 259 16.0935
12.93285 232 15.2316
12.94598 291 17.0587
12.95911 267 16.3401
12.97224 224 14.9666
12.98537 247 15.7162
12.99850 263 16.2173
13.01163 243 15.5885
13.02476 267 16.3401
13.03789 228 15.0997
13.05102 262 16.1864
13.06415 249 15.7797
13.07728 245 15.6525
13.09041 232 15.2316
13.10354 239 15.4596
13.11667 239 15.4596
13.12980 245 15.6525
13.14293 221 14.8661
13.15606 231 15.1987
13.16919 273 16.5227
13.18232 247 15.7162
13.19545 249 15.7797
13.20858 267 16.3401
13.22171 242 15.5564
13.23484 238 15.4272
13.24797 260 16.1245
13.26110 258 16.0624
13.27423 258 16.0624
13.28736 237 15.3948
13.30049 220 14.8324
13.31362 250 15.8114
13.32675 288 16.9706
13.33988 221 14.8661
13.35301 275 16.5831
13.36614 250 15.8114
13.37927 237 15.3948
13.39240 266 16.3095
13.40553 224 14.9666
13.41866 236 15.3623
13.43179 260 16.1245
13.44492 242 15.5564
13.45805 248 15.748
13.47118 218 14.7648
13.48431 271 16.4621
13.49744 237 15.3948
13.51057 228 15.0997
13.52370 272 16.4924
13.53683 250 15.8114
13.54996 233 15.2643
13.56309 263 16.2173
13.57622 265 16.2788
13.58935 222 14.8997
13.60248 230 15.1657
13.61561 269 16.4012
13.62874 232 15.2316
13.64187 259 16.0935
13.65500 271 16.4621
13.66813 248 15.748
13.68126 265 16.2788
13.69439 249 15.7797
13.70752 257 16.0312
13.72065 241 15.5242
13.73378 218 14.7648
13.74691 266 16.3095
13.76004 262 16.1864
13.77317 259 16.0935
13.78630 249 15.7797
13.79943 251 15.843
13.81256 250 15.8114
13.82569 260 16.1245
13.83882 242 15.5564
13.85195 257 16.0312
13.86508 266 16.3095
13.87821 245 15.6525
13.89134 273 16.5227
13.90447 283 16.8226
13.91760 274 16.5529
13.93073 299 17.2916
13.94386 305 17.4642
13.95699 310 17.6068
13.97012 300 17.3205
13.98325 282 16.7929
13.99638 292 17.088
14.00951 298 17.2627
14.02264 270 16.4317
14.03577 272 16.4924
14.04890 278 16.6733
14.06203 283 16.8226
14.07516 268 16.3707
14.08829 277 16.6433
14.10142 314 17.7201
14.11455 320 17.8885
14.12768 300 17.3205
14.14081 324 18
14.15394 398 19.9499
14.16707 475 21.7945
14.18020 510 22.5832
14.19333 557 23.6009
14.20646 641 25.318
14.21959 792 28.1425
14.23272 858 29.2917
14.24585 967 31.0966
14.25898 1030 32.0937
14.27211 967 31.0966
14.28524 923 30.381
14.29837 791 28.1248
14.31150 708 26.6083
14.32463 561 23.6854
14.33776 503 22.4277
14.35089 371 19.2614
14.36402 360 18.9737
14.37715 307 17.5214
14.39028 279 16.7033
14.40341 288 16.9706
14.41654 258 16.0624
14.42967 296 17.2046
14.44280 289 17
14.45593 262 16.1864
14.46906 269 16.4012
14.48219 282 16.7929
14.49532 249 15.7797
14.50845 232 15.2316
14.52158 280 16.7332
14.53471 265 16.2788
14.54784 272 16.4924
14.56097 234 15.2971
14.57410 262 16.1864
14.58723 266 16.3095
14.60036 264 16.2481
14.61349 245 15.6525
14.62662 240 15.4919
14.63975 274 16.5529
14.65288 247 15.7162
14.66601 276 16.6132
14.67914 270 16.4317
14.69227 233 15.2643
14.70540 262 16.1864
14.71853 275 16.5831
14.73166 269 16.4012
14.74479 294 17.1464
14.75792 302 17.3781
14.77105 329 18.1384
14.78418 348 18.6548
14.79731 357 18.8944
14.81044 433 20.8086
14.82357 525 22.9129
14.83670 574 23.9583
14.84983 635 25.1992
14.86296 664 25.7682
14.87609 671 25.9037
14.88922 759 27.55
14.90235 706 26.5707
14.91548 643 25.3574
14.92861 558 23.6221
14.94174 494 22.2261
14.95487 435 20.8567
14.96800 391 19.7737
14.98113 340 18.4391
14.99426 298 17.2627
15.00739 262 16.1864
15.02052 260 16.1245
15.03365 261 16.1555
15.04678 250 15.8114
15.05991 268 16.3707
15.07304 283 16.8226
15.08617 248 15.748
15.09930 265 16.2788
15.11243 258 16.0624
15.12556 256 16
15.13869 237 15.3948
15.15182 225 15
15.16495 240 15.4919
15.17808 295 17.1756
15.19121 289 17
15.20434 246 15.6844
15.21747 281 16.7631
15.23060 258 16.0624
15.24373 267 16.3401
15.25686 235 15.3297
15.26999 221 14.8661
15.28312 266 16.3095
15.29625 275 16.5831
15.30938 259 16.0935
15.32251 324 18
15.33564 324 18
15.34877 351 18.735
15.36190 415 20.3715
15.37503 416 20.3961
15.38816 452 21.2603
15.40129 472 21.7256
15.41442 447 21.1424
15.42755 426 20.6398
15.44068 400 20
15.45381 379 19.4679
15.46694 330 18.1659
15.48007 316 17.7764
15.49320 304 17.4356
15.50633 272 16.4924
15.51946 264 16.2481
15.53259 271 16.4621
15.54572 219 14.7986
15.55885 259 16.0935
15.57198 246 15.6844
15.58511 273 16.5227
15.59824 267 16.3401
15.61137 245 15.6525
15.62450 235 15.3297
15.63763 260 16.1245
15.65076 209 14.4568
15.66389 260 16.1245
15.67702 230 15.1657
15.69015 258 16.0624
15.70328 239 15.4596
15.71641 231 15.1987
15.72954 228 15.0997
15.74267 242 15.5564
15.75580 256 16
15.76893 223 14.9332
15.78206 257 16.0312
15.79519 192 13.8564
15.80832 239 15.4596
15.82145 233 15.2643
15.83458 235 15.3297
15.84771 238 15.4272
15.86084 222 14.8997
15.87397 233 15.2643
15.88710 214 14.6287
15.90023 243 15.5885
15.91336 225 15
15.92649 231 15.1987
15.93962 226 15.0333
15.95275 263 16.2173
15.96588 230 15.1657
15.97901 247 15.7162
15.99214 257 16.0312
16.00527 246 15.6844
16.01840 257 16.0312
16.03153 225 15
16.04466 246 15.6844
16.05779 231 15.1987
16.07092 247 15.7162
16.08405 232 15.2316
16.09718 242 15.5564
16.11031 245 15.6525
16.12344 229 15.1327
16.13657 207 14.3875
16.14970 215 14.6629
16.16283 232 15.2316
16.17596 222 14.8997
16.18909 236 15.3623
16.20222 257 16.0312
16.21535 224 14.9666
16.22848 210 14.4914
16.24161 239 15.4596
16.25474 230 15.1657
16.26787 224 14.9666
16.28100 231 15.1987
16.29413 208 14.4222
16.30726 230 15.1657
16.32039 246 15.6844
16.33352 243 15.5885
16.34665 236 15.3623
16.35978 236 15.3623
16.37291 260 16.1245
16.38604 221 14.8661
16.39917 242 15.5564
16.41230 244 15.6205
16.42543 238 15.4272
16.43856 247 15.7162
16.45169 289 17
16.46482 263 16.2173
16.47795 240 15.4919
16.49108 268 16.3707
16.50421 248 15.748
16.51734 242 15.5564
16.53047 263 16.2173
16.54360 269 16.4012
16.55673 269 16.4012
16.56986 275 16.5831
16.58299 273 16.5227
16.59612 275 16.5831
16.60925 262 16.1864
16.62238 243 15.5885
16.63551 231 15.1987
16.64864 240 15.4919
16.66177 263 16.2173
16.67490 277 16.6433
16.68803 215 14.6629
16.70116 269 16.4012
16.71429 208 14.4222
16.72742 268 16.3707
16.74055 278 16.6733
16.75368 258 16.0624
16.76681 244 15.6205
16.77994 225 15
16.79307 246 15.6844
16.80620 262 16.1864
16.81933 230 15.1657
16.83246 263 16.2173
16.84559 226 15.0333
16.85872 271 16.4621
16.87185 285 16.8819
16.88498 283 16.8226
16.89811 272 16.4924
16.91124 270 16.4317
16.92437 267 16.3401
16.93750 279 16.7033
16.95063 284 16.8523
16.96376 298 17.2627
16.97689 368 19.1833
16.99002 314 17.7201
17.00315 346 18.6011
17.01628 424 20.5913
17.02941 431 20.7605
17.04254 517 22.7376
17.05567 588 24.2487
17.06880 595 24.3926
17.08193 648 25.4558
17.09506 719 26.8142
17.10819 739 27.1846
17.12132 834 28.8791
17.13445 734 27.0924
17.14758 784 28
17.16071 702 26.4953
17.17384 694 26.3439
17.18697 574 23.9583
17.20010 526 22.9347
17.21323 522 22.8473
17.22636 478 21.8632
17.23949 473 21.7486
17.25262 502 22.4054
17.26575 480 21.9089
17.27888 519 22.7816
17.29201 625 25
17.30514 702 26.4953
17.31827 774 27.8209
17.33140 947 30.7733
17.34453 1048 32.3728
17.35766 1140 33.7639
17.37079 1202 34.6698
17.38392 1260 35.4965
17.39705 1285 35.8469
17.41018 1164 34.1174
17.42331 1123 33.5112
17.43644 969 31.1288
17.44957 854 29.2233
17.46270 721 26.8515
17.47583 592 24.331
17.48896 535 23.1301
17.50209 480 21.9089
17.51522 421 20.5183
17.52835 364 19.0788
17.54148 354 18.8149
17.55461 334 18.2757
17.56774 312 17.6635
17.58087 311 17.6352
17.59400 307 17.5214
17.60713 296 17.2046
17.62026 281 16.7631
17.63339 287 16.9411
17.64652 221 14.8661
17.65965 256 16
17.67278 284 16.8523
17.68591 237 15.3948
17.69904 299 17.2916
17.71217 245 15.6525
17.72530 246 15.6844
17.73843 247 15.7162
17.75156 233 15.2643
17.76469 280 16.7332
17.77782 280 16.7332
17.79095 274 16.5529
17.80408 279 16.7033
17.81721 284 16.8523
17.83034 317 17.8045
17.84347 315 17.7482
17.85660 333 18.2483
17.86973 318 17.8326
17.88286 340 18.4391
17.89599 348 18.6548
17.90912 304 17.4356
17.92225 396 19.8998
17.93538 320 17.8885
17.94851 346 18.6011
17.96164 328 18.1108
17.97477 317 17.8045
17.98790 359 18.9473
18.00103 332 18.2209
18.01416 341 18.4662
18.02729 320 17.8885
18.04042 348 18.6548
18.05355 341 18.4662
18.06668 320 17.8885
18.07981 355 18.8414
18.09294 343 18.5203
18.10607 329 18.1384
18.11920 294 17.1464
18.13233 350 18.7083
18.14546 312 17.6635
18.15859 283 16.8226
18.17172 316 17.7764
18.18485 293 17.1172
18.19798 288 16.9706
18.21111 300 17.3205
18.22424 237 15.3948
18.23737 289 17
18.25050 310 17.6068
18.26363 264 16.2481
18.27676 283 16.8226
18.28989 297 17.2337
18.30302 301 17.3493
18.31615 330 18.1659
18.32928 329 18.1384
18.34241 292 17.088
18.35554 311 17.6352
18.36867 309 17.5784
18.38180 288 16.9706
18.39493 323 17.9722
18.40806 306 17.4929
18.42119 311 17.6352
18.43432 277 16.6433
18.44745 281 16.7631
18.46058 288 16.9706
18.47371 269 16.4012
18.48684 308 17.5499
18.49997 265 16.2788
18.51310 297 17.2337
18.52623 257 16.0312
18.53936 305 17.4642
18.55249 285 16.8819
18.56562 263 16.2173
18.57875 245 15.6525
18.59188 272 16.4924
18.60501 268 16.3707
18.61814 256 16
18.63127 265 16.2788
18.64440 249 15.7797
18.65753 270 16.4317
18.67066 265 16.2788
18.68379 284 16.8523
18.69692 274 16.5529
18.71005 274 16.5529
18.72318 277 16.6433
18.73631 226 15.0333
18.74944 272 16.4924
18.76257 246 15.6844
18.77570 244 15.6205
18.78883 229 15.1327
18.80196 262 16.1864
18.81509 244 15.6205
18.82822 263 16.2173
18.84135 271 16.4621
18.85448 268 16.3707
18.86761 260 16.1245
18.88074 259 16.0935
18.89387 258 16.0624
18.90700 258 16.0624
18.92013 262 16.1864
18.93326 263 16.2173
18.94639 269 16.4012
18.95952 302 17.3781
18.97265 278 16.6733
18.98578 309 17.5784
18.99891 294 17.1464
19.01204 283 16.8226
19.02517 241 15.5242
19.03830 280 16.7332
19.05143 286 16.9115
19.06456 314 17.7201
19.07769 320 17.8885
19.09082 352 18.7617
19.10395 328 18.1108
19.11708 368 19.1833
19.13021 371 19.2614
19.14334 366 19.1311
19.15647 430 20.7364
19.16960 402 20.0499
19.18273 429 20.7123
19.19586 406 20.1495
19.20899 430 20.7364
19.22212 520 22.8035
19.23525 515 22.6936
19.24838 552 23.4947
19.26151 570 23.8746
19.27464 581 24.1039
19.28777 622 24.9399
19.30090 621 24.9198
19.31403 624 24.98
19.32716 661 25.7099
19.34029 566 23.7908
19.35342 549 23.4308
19.36655 483 21.9773
19.37968 420 20.4939
19.39281 401 20.025
19.40594 387 19.6723
19.41907 331 18.1934
19.43220 319 17.8606
19.44533 307 17.5214
19.45846 302 17.3781
19.47159 289 17
19.48472 279 16.7033
19.49785 288 16.9706
19.51098 268 16.3707
19.52411 314 17.7201
19.53724 289 17
19.55037 292 17.088
19.56350 272 16.4924
19.57663 315 17.7482
19.58976 292 17.088
19.60289 334 18.2757
19.61602 310 17.6068
19.62915 320 17.8885
19.64228 338 18.3848
19.65541 388 19.6977
19.66854 336 18.3303
19.68167 361 19
19.69480 345 18.5742
19.70793 293 17.1172
19.72106 325 18.0278
19.73419 304 17.4356
19.74732 328 18.1108
19.76045 338 18.3848
19.77358 287 16.9411
19.78671 339 18.412
19.79984 346 18.6011
19.81297 339 18.412
19.82610 377 19.4165
19.83923 363 19.0526
19.85236 438 20.9284
19.86549 446 21.1187
19.87862 514 22.6715
19.89175 532 23.0651
19.90488 645 25.3968
19.91801 713 26.7021
19.93114 854 29.2233
19.94427 954 30.8869
19.95740 1035 32.1715
19.97053 1092 33.0454
19.98366 1071 32.7261
19.99679 1058 32.5269
20.00992 1063 32.6037
20.02305 1025 32.0156
20.03618 933 30.5451
20.04931 928 30.463
20.06244 906 30.0999
20.07557 814 28.5307
20.08870 764 27.6406
20.10183 631 25.1197
20.11496 598 24.454
20.12809 573 23.9374
20.14122 500 22.3607
20.15435 438 20.9284
20.16748 369 19.2094
20.18061 372 19.2873
20.19374 377 19.4165
20.20687 319 17.8606
20.22000 328 18.1108
20.23313 319 17.8606
20.24626 296 17.2046
20.25939 303 17.4069
20.27252 317 17.8045
20.28565 283 16.8226
20.29878 279 16.7033
20.31191 280 16.7332
20.32504 281 16.7631
20.33817 275 16.5831
20.35130 297 17.2337
20.36443 286 16.9115
20.37756 307 17.5214
20.39069 273 16.5227
20.40382 309 17.5784
20.41695 290 17.0294
20.43008 301 17.3493
20.44321 329 18.1384
20.45634 297 17.2337
20.46947 319 17.8606
20.48260 378 19.4422
20.49573 359 18.9473
20.50886 371 19.2614
20.52199 427 20.664
20.53512 531 23.0434
20.54825 556 23.5797
20.56138 588 24.2487
20.57451 666 25.807
20.58764 780 27.9285
20.60077 765 27.6586
20.61390 801 28.3019
20.62703 806 28.3902
20.64016 758 27.5318
20.65329 767 27.6948
20.66642 746 27.313
20.67955 705 26.5518
20.69268 608 24.6576
20.70581 617 24.8395
20.71894 553 23.5159
20.73207 511 22.6053
20.74520 455 21.3307
20.75833 410 20.2485
20.77146 398 19.9499
20.78459 404 20.0997
20.79772 382 19.5448
20.81085 395 19.8746
20.82398 401 20.025
20.83711 396 19.8998
20.85024 370 19.2354
20.86337 390 19.7484
20.87650 387 19.6723
20.88963 394 19.8494
20.90276 357 18.8944
20.91589 351 18.735
20.92902 351 18.735
20.94215 385 19.6214
20.95528 309 17.5784
20.96841 350 18.7083
20.98154 338 18.3848
20.99467 315 17.7482
21.00780 302 17.3781
21.02093 266 16.3095
21.03406 296 17.2046
21.04719 273 16.5227
21.06032 288 16.9706
21.07345 264 16.2481
21.08658 259 16.0935
21.09971 279 16.7033
21.11284 257 16.0312
21.12597 243 15.5885
21.13910 276 16.6132
21.15223 268 16.3707
21.16536 282 16.7929
21.17849 263 16.2173
21.19162 267 16.3401
21.20475 293 17.1172
21.21788 261 16.1555
21.23101 256 16
21.24414 259 16.0935
21.25727 275 16.5831
21.27040 275 16.5831
21.28353 286 16.9115
21.29666 277 16.6433
21.30979 288 16.9706
21.32292 285 16.8819
21.33605 276 16.6132
21.34918 296 17.2046
21.36231 293 17.1172
21.37544 270 16.4317
21.38857 291 17.0587
21.40170 304 17.4356
21.41483 335 18.303
21.42796 339 18.412
21.44109 398 19.9499
21.45422 401 20.025
21.46735 443 21.0475
21.48048 460 21.4476
21.49361 464 21.5407
21.50674 484 22
21.51987 494 22.2261
21.53300 445 21.095
21.54613 466 21.587
21.55926 411 20.2731
21.57239 394 19.8494
21.58552 385 19.6214
21.59865 355 18.8414
21.61178 356 18.868
21.62491 328 18.1108
21.63804 329 18.1384
21.65117 345 18.5742
21.66430 336 18.3303
21.67743 344 18.5472
21.69056 341 18.4662
21.70369 325 18.0278
21.71682 354 18.8149
21.72995 358 18.9209
21.74308 361 19
21.75621 336 18.3303
21.76934 333 18.2483
21.78247 327 18.0832
21.79560 339 18.412
21.80873 328 18.1108
21.82186 320 17.8885
21.83499 296 17.2046
21.84812 296 17.2046
21.86125 294 17.1464
21.87438 272 16.4924
21.88751 293 17.1172
21.90064 275 16.5831
21.91377 330 18.1659
21.92690 280 16.7332
21.94003 333 18.2483
21.95316 308 17.5499
21.96629 301 17.3493
21.97942 291 17.0587
21.99255 315 17.7482
22.00568 332 18.2209
22.01881 305 17.4642
22.03194 344 18.5472
22.04507 335 18.303
22.05820 332 18.2209
22.07133 327 18.0832
22.08446 295 17.1756
22.09759 321 17.9165
22.11072 355 18.8414
22.12385 400 20
22.13698 404 20.0997
22.15011 379 19.4679
22.16324 469 21.6564
22.17637 495 22.2486
22.18950 588 24.2487
22.20263 599 24.4745
22.21576 642 25.3377
22.22889 700 26.4575
22.24202 665 25.7876
22.25515 700 26.4575
22.26828 626 25.02
22.28141 653 25.5539
22.29454 600 24.4949
22.30767 523 22.8692
22.32080 545 23.3453
22.33393 521 22.8254
22.34706 453 21.2838
22.36019 441 21
22.37332 398 19.9499
22.38645 434 20.8327
22.39958 438 20.9284
22.41271 391 19.7737
22.42584 402 20.0499
22.43897 399 19.975
22.45210 364 19.0788
22.46523 353 18.7883
22.47836 315 17.7482
22.49149 310 17.6068
22.50462 281 16.7631
22.51775 294 17.1464
22.53088 286 16.9115
22.54401 295 17.1756
22.55714 265 16.2788
22.57027 266 16.3095
22.58340 264 16.2481
22.59653 277 16.6433
22.60966 281 16.7631
22.62279 283 16.8226
22.63592 281 16.7631
22.64905 263 16.2173
22.66218 269 16.4012
22.67531 258 16.0624
22.68844 268 16.3707
22.70157 238 15.4272
22.71470 259 16.0935
22.72783 239 15.4596
22.74096 256 16
22.75409 262 16.1864
22.76722 245 15.6525
22.78035 250 15.8114
22.79348 237 15.3948
22.80661 261 16.1555
22.81974 233 15.2643
22.83287 236 15.3623
22.84600 245 15.6525
22.85913 237 15.3948
22.87226 262 16.1864
22.88539 239 15.4596
22.89852 268 16.3707
22.91165 285 16.8819
22.92478 266 16.3095
22.93791 270 16.4317
22.95104 316 17.7764
22.96417 288 16.9706
22.97730 316 17.7764
22.99043 285 16.8819
23.00356 257 16.0312
23.01669 262 16.1864
23.02982 285 16.8819
23.04295 265 16.2788
23.05608 269 16.4012
23.06921 266 16.3095
23.08234 263 16.2173
23.09547 281 16.7631
23.10860 250 15.8114
23.12173 282 16.7929
23.13486 259 16.0935
23.14799 267 16.3401
23.16112 260 16.1245
23.17425 307 17.5214
23.18738 277 16.6433
23.20051 268 16.3707
23.21364 258 16.0624
23.22677 285 16.8819
23.23990 265 16.2788
23.25303 308 17.5499
23.26616 283 16.8226
23.27929 269 16.4012
23.29242 285 16.8819
23.30555 228 15.0997
23.31868 228 15.0997
23.33181 249 15.7797
23.34494 246 15.6844
23.35807 231 15.1987
23.37120 270 16.4317
23.38433 267 16.3401
23.39746 234 15.2971
23.41059 293 17.1172
23.42372 276 16.6132
23.43685 258 16.0624
23.44998 273 16.5227
23.46311 312 17.6635
23.47624 285 16.8819
23.48937 325 18.0278
23.50250 298 17.2627
23.51563 284 16.8523
23.52876 323 17.9722
23.54189 311 17.6352
23.55502 312 17.6635
23.56815 331 18.1934
23.58128 302 17.3781
23.59441 279 16.7033
23.60754 300 17.3205
23.62067 308 17.5499
23.63380 268 16.3707
23.64693 260 16.1245
23.66006 272 16.4924
23.67319 307 17.5214
23.68632 294 17.1464
23.69945 309 17.5784
23.71258 330 18.1659
23.72571 312 17.6635
23.73884 322 17.9444
23.75197 336 18.3303
23.76510 369 19.2094
23.77823 345 18.5742
23.79136 365 19.105
23.80449 379 19.4679
23.81762 368 19.1833
23.83075 403 20.0749
23.84388 436 20.8806
23.85701 476 21.8174
23.87014 450 21.2132
23.88327 422 20.5426
23.89640 420 20.4939
23.90953 433 20.8086
23.92266 418 20.4451
23.93579 382 19.5448
23.94892 331 18.1934
23.96205 347 18.628
23.97518 311 17.6352
23.98831 319 17.8606
24.00144 301 17.3493
24.01457 299 17.2916
24.02770 298 17.2627
24.04083 283 16.8226
24.05396 242 15.5564
24.06709 290 17.0294
24.08022 278 16.6733
24.09335 257 16.0312
24.10648 233 15.2643
24.11961 275 16.5831
24.13274 276 16.6132
24.14587 266 16.3095
24.15900 310 17.6068
24.17213 311 17.6352
24.18526 279 16.7033
24.19839 305 17.4642
24.21152 316 17.7764
24.22465 324 18
24.23778 308 17.5499
24.25091 341 18.4662
24.26404 333 18.2483
24.27717 341 18.4662
24.29030 374 19.3391
24.30343 396 19.8998
24.31656 404 20.0997
24.32969 428 20.6882
24.34282 422 20.5426
24.35595 401 20.025
24.36908 383 19.5704
24.38221 403 20.0749
24.39534 404 20.0997
24.40847 372 19.2873
24.42160 369 19.2094
24.43473 319 17.8606
24.44786 334 18.2757
24.46099 342 18.4932
24.47412 362 19.0263
24.48725 331 18.1934
24.50038 358 18.9209
24.51351 339 18.412
24.52664 356 18.868
24.53977 382 19.5448
24.55290 339 18.412
24.56603 324 18
24.57916 340 18.4391
24.59229 316 17.7764
24.60542 306 17.4929
24.61855 325 18.0278
24.63168 315 17.7482
24.64481 262 16.1864
24.65794 268 16.3707
24.67107 278 16.6733
24.68420 288 16.9706
24.69733 223 14.9332
24.71046 238 15.4272
24.72359 229 15.1327
24.73672 270 16.4317
24.74985 269 16.4012
24.76298 250 15.8114
24.77611 291 17.0587
24.78924 309 17.5784
24.80237 295 17.1756
24.81550 301 17.3493
24.82863 324 18
24.84176 287 16.9411
24.85489 335 18.303
24.86802 311 17.6352
24.88115 334 18.2757
24.89428 344 18.5472
24.90741 328 18.1108
24.92054 355 18.8414
24.93367 308 17.5499
24.94680 332 18.2209
24.95993 300 17.3205
24.97306 334 18.2757
24.98619 299 17.2916
24.99932 278 16.6733
25.01245 246 15.6844
25.02558 262 16.1864
25.03871 316 17.7764
25.05184 289 17
25.06497 312 17.6635
25.07810 276 16.6132
25.09123 288 16.9706
25.10436 305 17.4642
25.11749 333 18.2483
25.13062 326 18.0555
25.14375 367 19.1572
25.15688 401 20.025
25.17001 441 21
25.18314 518 22.7596
25.19627 528 22.9782
25.20940 590 24.2899
25.22253 532 23.0651
25.23566 597 24.4336
25.24879 631 25.1197
25.26192 601 24.5153
25.27505 532 23.0651
25.28818 536 23.1517
25.30131 436 20.8806
25.31444 462 21.4942
25.32757 410 20.2485
25.34070 393 19.8242
25.35383 346 18.6011
25.36696 311 17.6352
25.38009 312 17.6635
25.39322 284 16.8523
25.40635 279 16.7033
25.41948 247 15.7162
25.43261 249 15.7797
25.44574 262 16.1864
25.45887 217 14.7309
25.47200 228 15.0997
25.48513 229 15.1327
25.49826 223 14.9332
25.51139 227 15.0665
25.52452 232 15.2316
25.53765 258 16.0624
25.55078 244 15.6205
25.56391 274 16.5529
25.57704 239 15.4596
25.59017 267 16.3401
25.60330 243 15.5885
25.61643 257 16.0312
25.62956 289 17
25.64269 263 16.2173
25.65582 290 17.0294
25.66895 281 16.7631
25.68208 291 17.0587
25.69521 283 16.8226
25.70834 278 16.6733
25.72147 258 16.0624
25.73460 278 16.6733
25.74773 250 15.8114
25.76086 266 16.3095
25.77399 247 15.7162
25.78712 308 17.5499
25.80025 269 16.4012
25.81338 267 16.3401
25.82651 264 16.2481
25.83964 236 15.3623
25.85277 265 16.2788
25.86590 229 15.1327
25.87903 213 14.5945
25.89216 280 16.7332
25.90529 228 15.0997
25.91842 211 14.5258
25.93155 226 15.0333
25.94468 227 15.0665
25.95781 230 15.1657
25.97094 218 14.7648
25.98407 217 14.7309
25.99720 202 14.2127
26.01033 210 14.4914
26.02346 205 14.3178
26.03659 189 13.7477
26.04972 201 14.1775
26.06285 206 14.3527
26.07598 223 14.9332
26.08911 216 14.6969
26.10224 231 15.1987
26.11537 209 14.4568
26.12850 208 14.4222
26.14163 165 12.8452
26.15476 177 13.3041
26.16789 202 14.2127
26.18102 204 14.2829
26.19415 214 14.6287
26.20728 180 13.4164
26.22041 207 14.3875
26.23354 219 14.7986
26.24667 203 14.2478
26.25980 215 14.6629
26.27293 197 14.0357
26.28606 225 15
26.29919 248 15.748
26.31232 197 14.0357
26.32545 217 14.7309
26.33858 240 15.4919
26.35171 210 14.4914
26.36484 267 16.3401
26.37797 216 14.6969
26.39110 285 16.8819
26.40423 224 14.9666
26.41736 264 16.2481
26.43049 262 16.1864
26.44362 287 16.9411
26.45675 273 16.5227
26.46988 271 16.4621
26.48301 282 16.7929
26.49614 293 17.1172
26.50927 274 16.5529
26.52240 281 16.7631
26.53553 240 15.4919
26.54866 261 16.1555
26.56179 210 14.4914
26.57492 263 16.2173
26.58805 233 15.2643
26.60118 199 14.1067
26.61431 222 14.8997
26.62744 204 14.2829
26.64057 180 13.4164
26.65370 174 13.1909
26.66683 192 13.8564
26.67996 197 14.0357
26.69309 205 14.3178
26.70622 189 13.7477
26.71935 195 13.9642
26.73248 183 13.5278
26.74561 170 13.0384
26.75874 171 13.0767
26.77187 201 14.1775
26.78500 195 13.9642
26.79813 180 13.4164
26.81126 176 13.2665
26.82439 171 13.0767
26.83752 187 13.6748
26.85065 167 12.9229
26.86378 164 12.8062
26.87691 182 13.4907
26.89004 194 13.9284
26.90317 218 14.7648
26.91630 182 13.4907
26.92943 200 14.1421
26.94256 192 13.8564
26.95569 189 13.7477
26.96882 189 13.7477
26.98195 206 14.3527
26.99508 206 14.3527
27.00821 211 14.5258
27.02134 213 14.5945
27.03447 221 14.8661
27.04760 213 14.5945
27.06073 207 14.3875
27.07386 217 14.7309
27.08699 235 15.3297
27.10012 228 15.0997
27.11325 189 13.7477
27.12638 202 14.2127
27.13951 212 14.5602
27.15264 229 15.1327
27.16577 237 15.3948
27.17890 212 14.5602
27.19203 223 14.9332
27.20516 225 15
27.21829 226 15.0333
27.23142 203 14.2478
27.24455 213 14.5945
27.25768 196 14
27.27081 176 13.2665
27.28394 192 13.8564
27.29707 177 13.3041
27.31020 171 13.0767
27.32333 200 14.1421
27.33646 231 15.1987
27.34959 164 12.8062
27.36272 180 13.4164
27.37585 170 13.0384
27.38898 210 14.4914
27.40211 212 14.5602
27.41524 198 14.0712
27.42837 202 14.2127
27.44150 212 14.5602
27.45463 215 14.6629
27.46776 185 13.6015
27.48089 202 14.2127
27.49402 234 15.2971
27.50715 227 15.0665
27.52028 227 15.0665
27.53341 244 15.6205
27.54654 214 14.6287
27.55967 191 13.8203
27.57280 205 14.3178
27.58593 185 13.6015
27.59906 206 14.3527
27.61219 169 13
27.62532 187 13.6748
27.63845 181 13.4536
27.65158 169 13
27.66471 192 13.8564
27.67784 160 12.6491
27.69097 157 12.53
27.70410 194 13.9284
27.71723 163 12.7671
27.73036 192 13.8564
27.74349 167 12.9229
27.75662 164 12.8062
27.76975 179 13.3791
27.78288 166 12.8841
27.79601 164 12.8062
27.80914 173 13.1529
27.82227 170 13.0384
27.83540 169 13
27.84853 139 11.7898
27.86166 163 12.7671
27.87479 174 13.1909
27.88792 184 13.5647
27.90105 181 13.4536
27.91418 170 13.0384
27.92731 182 13.4907
27.94044 158 12.5698
27.95357 157 12.53
27.96670 183 13.5278
27.97983 181 13.4536
27.99296 199 14.1067
28.00609 187 13.6748
28.01922 208 14.4222
28.03235 171 13.0767
28.04548 184 13.5647
28.05861 229 15.1327
28.07174 196 14
28.08487 202 14.2127
28.09800 243 15.5885
28.11113 221 14.8661
28.12426 244 15.6205
28.13739 248 15.748
28.15052 231 15.1987
28.16365 244 15.6205
28.17678 267 16.3401
28.18991 245 15.6525
28.20304 263 16.2173
28.21617 256 16
28.22930 279 16.7033
28.24243 243 15.5885
28.25556 228 15.0997
28.26869 216 14.6969
28.28182 239 15.4596
28.29495 243 15.5885
28.30808 241 15.5242
28.32121 200 14.1421
28.33434 226 15.0333
28.34747 185 13.6015
28.36060 202 14.2127
28.37373 188 13.7113
28.38686 211 14.5258
28.39999 186 13.6382
28.41312 204 14.2829
28.42625 188 13.7113
28.43938 181 13.4536
28.45251 166 12.8841
28.46564 158 12.5698
28.47877 181 13.4536
28.49190 167 12.9229
28.50503 165 12.8452
28.51816 153 12.3693
28.53129 162 12.7279
28.54442 181 13.4536
28.55755 160 12.6491
28.57068 182 13.4907
28.58381 177 13.3041
28.59694 172 13.1149
28.61007 193 13.8924
28.62320 191 13.8203
28.63633 196 14
28.64946 223 14.9332
28.66259 180 13.4164
28.67572 214 14.6287
28.68885 234 15.2971
28.70198 260 16.1245
28.71511 259 16.0935
28.72824 310 17.6068
28.74137 305 17.4642
28.75450 311 17.6352
28.76763 315 17.7482
28.78076 310 17.6068
28.79389 329 18.1384
28.80702 375 19.3649
28.82015 332 18.2209
28.83328 354 18.8149
28.84641 319 17.8606
28.85954 290 17.0294
28.87267 272 16.4924
28.88580 266 16.3095
28.89893 278 16.6733
28.91206 223 14.9332
28.92519 215 14.6629
28.93832 228 15.0997
28.95145 227 15.0665
28.96458 185 13.6015
28.97771 214 14.6287
28.99084 188 13.7113
29.00397 174 13.1909
29.01710 176 13.2665
29.03023 199 14.1067
29.04336 184 13.5647
29.05649 194 13.9284
29.06962 180 13.4164
29.08275 183 13.5278
29.09588 200 14.1421
29.10901 197 14.0357
29.12214 197 14.0357
29.13527 196 14
29.14840 179 13.3791
29.16153 166 12.8841
29.17466 183 13.5278
29.18779 204 14.2829
29.20092 195 13.9642
29.21405 216 14.6969
29.22718 229 15.1327
29.24031 215 14.6629
29.25344 221 14.8661
29.26657 274 16.5529
29.27970 214 14.6287
29.29283 283 16.8226
29.30596 246 15.6844
29.31909 269 16.4012
29.33222 222 14.8997
29.34535 222 14.8997
29.35848 242 15.5564
29.37161 223 14.9332
29.38474 233 15.2643
29.39787 186 13.6382
29.41100 208 14.4222
29.42413 182 13.4907
29.43726 164 12.8062
29.45039 159 12.6095
29.46352 161 12.6886
29.47665 171 13.0767
29.48978 155 12.4499
29.50291 180 13.4164
29.51604 158 12.5698
29.52917 165 12.8452
29.54230 164 12.8062
29.55543 164 12.8062
29.56856 133 11.5326
29.58169 175 13.2288
29.59482 136 11.6619
29.60795 134 11.5758
29.62108 165 12.8452
29.63421 142 11.9164
29.64734 126 11.225
29.66047 146 12.083
29.67360 134 11.5758
29.68673 158 12.5698
29.69986 150 12.2474
29.71299 141 11.8743
29.72612 147 12.1244
29.73925 135 11.6189
29.75238 148 12.1655
29.76551 130 11.4018
29.77864 138 11.7473
29.79177 130 11.4018
29.80490 130 11.4018
29.81803 125 11.1803
29.83116 136 11.6619
29.84429 133 11.5326
29.85742 142 11.9164
29.87055 126 11.225
29.88368 127 11.2694
29.89681 144 12
29.90994 143 11.9583
29.92307 132 11.4891
29.93620 138 11.7473
29.94933 155 12.4499
29.96246 148 12.1655
29.97559 147 12.1244
29.98872 146 12.083
30.00185 120 10.9545
30.01498 134 11.5758
30.02811 127 11.2694
30.04124 151 12.2882
30.05437 129 11.3578
30.06750 143 11.9583
30.08063 125 11.1803
30.09376 144 12
30.10689 155 12.4499
30.12002 139 11.7898
30.13315 149 12.2066
30.14628 118 10.8628
30.15941 139 11.7898
30.17254 174 13.1909
30.18567 134 11.5758
30.19880 128 11.3137
30.21193 119 10.9087
30.22506 136 11.6619
30.23819 138 11.7473
30.25132 159 12.6095
30.26445 145 12.0416
30.27758 122 11.0454
30.29071 146 12.083
30.30384 141 11.8743
30.31697 155 12.4499
30.33010 153 12.3693
30.34323 152 12.3288
30.35636 152 12.3288
30.36949 131 11.4455
30.38262 152 12.3288
30.39575 149 12.2066
30.40888 137 11.7047
30.42201 138 11.7473
30.43514 138 11.7473
30.44827 151 12.2882
30.46140 158 12.5698
30.47453 121 11
30.48766 139 11.7898
30.50079 157 12.53
30.51392 139 11.7898
30.52705 150 12.2474
30.54018 154 12.4097
30.55331 122 11.0454
30.56644 143 11.9583
30.57957 123 11.0905
30.59270 129 11.3578
30.60583 126 11.225
30.61896 120 10.9545
30.63209 127 11.2694
30.64522 138 11.7473
30.65835 134 11.5758
30.67148 138 11.7473
30.68461 169 13
30.69774 172 13.1149
30.71087 134 11.5758
30.72400 145 12.0416
30.73713 135 11.6189
30.75026 159 12.6095
30.76339 153 12.3693
30.77652 141 11.8743
30.78965 142 11.9164
30.80278 143 11.9583
30.81591 133 11.5326
30.82904 121 11
30.84217 141 11.8743
30.85530 135 11.6189
30.86843 153 12.3693
30.88156 128 11.3137
30.89469 135 11.6189
30.90782 151 12.2882
30.92095 134 11.5758
30.93408 122 11.0454
30.94721 141 11.8743
30.96034 134 11.5758
30.97347 143 11.9583
30.98660 126 11.225
30.99973 134 11.5758
31.01286 144 12
31.02599 155 12.4499
31.03912 163 12.7671
31.05225 159 12.6095
31.06538 177 13.3041
31.07851 157 12.53
31.09164 157 12.53
31.10477 165 12.8452
31.11790 145 12.0416
31.13103 176 13.2665
31.14416 185 13.6015
31.15729 191 13.8203
31.17042 188 13.7113
31.18355 207 14.3875
31.19668 182 13.4907
31.20981 182 13.4907
31.22294 182 13.4907
31.23607 163 12.7671
31.24920 165 12.8452
31.26233 211 14.5258
31.27546 207 14.3875
31.28859 159 12.6095
31.30172 183 13.5278
31.31485 171 13.0767
31.32798 193 13.8924
31.34111 148 12.1655
31.35424 152 12.3288
31.36737 156 12.49
31.38050 148 12.1655
31.39363 134 11.5758
31.40676 139 11.7898
31.41989 128 11.3137
31.43302 131 11.4455
31.44615 126 11.225
31.45928 123 11.0905
31.47241 116 10.7703
31.48554 120 10.9545
31.49867 152 12.3288
31.51180 113 10.6301
31.52493 106 10.2956
31.53806 91 9.53939
31.55119 115 10.7238
31.56432 111 10.5357
31.57745 122 11.0454
31.59058 123 11.0905
31.60371 125 11.1803
31.61684 115 10.7238
31.62997 130 11.4018
31.64310 118 10.8628
31.65623 120 10.9545
31.66936 117 10.8167
31.68249 132 11.4891
31.69562 108 10.3923
31.70875 105 10.247
31.72188 127 11.2694
31.73501 100 10
31.74814 119 10.9087
31.76127 109 10.4403
31.77440 110 10.4881
31.78753 113 10.6301
31.80066 128 11.3137
31.81379 122 11.0454
31.82692 145 12.0416
31.84005 131 11.4455
31.85318 141 11.8743
31.86631 153 12.3693
31.87944 158 12.5698
31.89257 133 11.5326
31.90570 119 10.9087
31.91883 132 11.4891
31.93196 142 11.9164
31.94509 157 12.53
31.95822 171 13.0767
31.97135 147 12.1244
31.98448 147 12.1244
31.99761 171 13.0767
32.01074 160 12.6491
32.02387 191 13.8203
32.03700 169 13
32.05013 161 12.6886
32.06326 165 12.8452
32.07639 166 12.8841
32.08952 190 13.784
32.10265 168 12.9615
32.11578 206 14.3527
32.12891 174 13.1909
32.14204 178 13.3417
32.15517 182 13.4907
32.16830 185 13.6015
32.18143 182 13.4907
32.19456 169 13
32.20769 171 13.0767
32.22082 173 13.1529
32.23395 202 14.2127
32.24708 182 13.4907
32.26021 162 12.7279
32.27334 158 12.5698
32.28647 149 12.2066
32.29960 172 13.1149
32.31273 153 12.3693
32.32586 126 11.225
32.33899 119 10.9087
32.35212 147 12.1244
32.36525 130 11.4018
32.37838 108 10.3923
32.39151 134 11.5758
32.40464 116 10.7703
32.41777 124 11.1355
32.43090 123 11.0905
32.44403 120 10.9545
32.45716 116 10.7703
32.47029 105 10.247
32.48342 105 10.247
32.49655 110 10.4881
32.50968 113 10.6301
32.52281 98 9.8995
32.53594 113 10.6301
32.54907 106 10.2956
32.56220 92 9.59166
32.57533 96 9.79796
32.58846 118 10.8628
32.60159 99 9.94987
32.61472 116 10.7703
32.62785 106 10.2956
32.64098 109 10.4403
32.65411 114 10.6771
32.66724 95 9.74679
32.68037 108 10.3923
32.69350 115 10.7238
32.70663 126 11.225
32.71976 90 9.48683
32.73289 123 11.0905
32.74602 124 11.1355
32.75915 119 10.9087
32.77228 102 10.0995
32.78541 133 11.5326
32.79854 118 10.8628
32.81167 121 11
32.82480 96 9.79796
32.83793 125 11.1803
32.85106 113 10.6301
32.86419 103 10.1489
32.87732 113 10.6301
32.89045 114 10.6771
32.90358 118 10.8628
32.91671 115 10.7238
32.92984 123 11.0905
32.94297 107 10.3441
32.95610 104 10.198
32.96923 89 9.43398
32.98236 108 10.3923
32.99549 111 10.5357
33.00862 98 9.8995
33.02175 126 11.225
33.03488 125 11.1803
33.04801 109 10.4403
33.06114 109 10.4403
33.07427 108 10.3923
33.08740 128 11.3137
33.10053 121 11
33.11366 101 10.0499
33.12679 137 11.7047
33.13992 118 10.8628
33.15305 115 10.7238
33.16618 101 10.0499
33.17931 119 10.9087
33.19244 148 12.1655
33.20557 124 11.1355
33.21870 129 11.3578
33.23183 103 10.1489
33.24496 121 11
33.25809 115 10.7238
33.27122 136 11.6619
33.28435 115 10.7238
33.29748 96 9.79796
33.31061 105 10.247
33.32374 130 11.4018
33.33687 117 10.8167
33.35000 120 10.9545
33.36313 110 10.4881
33.37626 123 11.0905
33.38939 128 11.3137
33.40252 114 10.6771
33.41565 111 10.5357
33.42878 90 9.48683
33.44191 103 10.1489
33.45504 106 10.2956
33.46817 111 10.5357
33.48130 126 11.225
33.49443 101 10.0499
33.50756 108 10.3923
33.52069 123 11.0905
33.53382 122 11.0454
33.54695 117 10.8167
33.56008 116 10.7703
33.57321 125 11.1803
33.58634 109 10.4403
33.59947 135 11.6189
33.61260 116 10.7703
33.62573 120 10.9545
33.63886 129 11.3578
33.65199 131 11.4455
33.66512 134 11.5758
33.67825 159 12.6095
33.69138 131 11.4455
33.70451 131 11.4455
33.71764 124 11.1355
33.73077 153 12.3693
33.74390 160 12.6491
33.75703 147 12.1244
33.77016 120 10.9545
33.78329 127 11.2694
33.79642 141 11.8743
33.80955 125 11.1803
33.82268 137 11.7047
33.83581 137 11.7047
33.84894 112 10.583
33.86207 109 10.4403
33.87520 108 10.3923
33.88833 119 10.9087
33.90146 115 10.7238
33.91459 108 10.3923
33.92772 108 10.3923
33.94085 108 10.3923
33.95398 112 10.583
33.96711 97 9.84886
33.98024 112 10.583
33.99337 107 10.3441
34.00650 111 10.5357
34.01963 94 9.69536
34.03276 100 10
34.04589 96 9.79796
34.05902 96 9.79796
34.07215 98 9.8995
34.08528 101 10.0499
34.09841 112 10.583
34.11154 97 9.84886
34.12467 97 9.84886
34.13780 107 10.3441
34.15093 102 10.0995
34.16406 97 9.84886
34.17719 90 9.48683
34.19032 87 9.32738
34.20345 112 10.583
34.21658 100 10
34.22971 90 9.48683
34.24284 108 10.3923
34.25597 107 10.3441
34.26910 97 9.84886
34.28223 87 9.32738
34.29536 105 10.247
34.30849 103 10.1489
34.32162 117 10.8167
34.33475 117 10.8167
34.34788 110 10.4881
34.36101 104 10.198
34.37414 111 10.5357
34.38727 139 11.7898
34.40040 117 10.8167
34.41353 113 10.6301
34.42666 104 10.198
34.43979 117 10.8167
34.45292 104 10.198
34.46605 113 10.6301
34.47918 106 10.2956
34.49231 95 9.74679
34.50544 112 10.583
34.51857 104 10.198
34.53170 116 10.7703
34.54483 140 11.8322
34.55796 109 10.4403
34.57109 126 11.225
34.58422 132 11.4891
34.59735 119 10.9087
34.61048 126 11.225
34.62361 124 11.1355
34.63674 117 10.8167
34.64987 132 11.4891
34.66300 123 11.0905
34.67613 111 10.5357
34.68926 134 11.5758
34.70239 134 11.5758
34.71552 137 11.7047
34.72865 130 11.4018
34.74178 149 12.2066
34.75491 140 11.8322
34.76804 129 11.3578
34.78117 133 11.5326
34.79430 129 11.3578
34.80743 127 11.2694
34.82056 122 11.0454
34.83369 110 10.4881
34.84682 112 10.583
34.85995 103 10.1489
34.87308 113 10.6301
34.88621 121 11
34.89934 119 10.9087
34.91247 109 10.4403
34.92560 121 11
34.93873 123 11.0905
34.95186 98 9.8995
34.96499 99 9.94987
34.97812 111 10.5357
34.99125 105 10.247
35.00438 115 10.7238
35.01751 111 10.5357
35.03064 89 9.43398
35.04377 92 9.59166
35.05690 97 9.84886
35.07003 136 11.6619
35.08316 100 10
35.09629 120 10.9545
35.10942 126 11.225
35.12255 122 11.0454
35.13568 121 11
35.14881 107 10.3441
35.16194 107 10.3441
35.17507 110 10.4881
35.18820 89 9.43398
35.20133 129 11.3578
35.21446 120 10.9545
35.22759 119 10.9087
35.24072 138 11.7473
35.25385 123 11.0905
35.26698 113 10.6301
35.28011 106 10.2956
35.29324 126 11.225
35.30637 127 11.2694
35.31950 123 11.0905
35.33263 122 11.0454
35.34576 117 10.8167
35.35889 132 11.4891
35.37202 102 10.0995
35.38515 95 9.74679
35.39828 96 9.79796
35.41141 121 11
35.42454 115 10.7238
35.43767 100 10
35.45080 124 11.1355
35.46393 110 10.4881
35.47706 109 10.4403
35.49019 116 10.7703
35.50332 102 10.0995
35.51645 128 11.3137
35.52958 136 11.6619
35.54271 113 10.6301
35.55584 117 10.8167
35.56897 126 11.225
35.58210 98 9.8995
35.59523 117 10.8167
35.60836 118 10.8628
35.62149 127 11.2694
35.63462 133 11.5326
35.64775 115 10.7238
35.66088 112 10.583
35.67401 101 10.0499
35.68714 105 10.247
35.70027 108 10.3923
35.71340 95 9.74679
35.72653 92 9.59166
35.73966 112 10.583
35.75279 111 10.5357
35.76592 114 10.6771
35.77905 99 9.94987
35.79218 109 10.4403
35.80531 111 10.5357
35.81844 131 11.4455
35.83157 109 10.4403
35.84470 126 11.225
35.85783 115 10.7238
35.87096 118 10.8628
35.88409 110 10.4881
35.89722 114 10.6771
35.91035 105 10.247
35.92348 126 11.225
35.93661 110 10.4881
35.94974 107 10.3441
35.96287 108 10.3923
35.97600 103 10.1489
35.98913 105 10.247
36.00226 107 10.3441
36.01539 109 10.4403
36.02852 125 11.1803
36.04165 112 10.583
36.05478 108 10.3923
36.06791 117 10.8167
36.08104 106 10.2956
36.09417 99 9.94987
36.10730 103 10.1489
36.12043 94 9.69536
36.13356 101 10.0499
36.14669 94 9.69536
36.15982 108 10.3923
36.17295 101 10.0499
36.18608 105 10.247
36.19921 84 9.16515
36.21234 98 9.8995
36.22547 103 10.1489
36.23860 113 10.6301
36.25173 127 11.2694
36.26486 121 11
36.27799 106 10.2956
36.29112 117 10.8167
36.30425 113 10.6301
36.31738 118 10.8628
36.33051 128 11.3137
36.34364 126 11.225
36.35677 148 12.1655
36.36990 117 10.8167
36.38303 142 11.9164
36.39616 133 11.5326
36.40929 134 11.5758
36.42242 129 11.3578
36.43555 115 10.7238
36.44868 131 11.4455
36.46181 113 10.6301
36.47494 122 11.0454
36.48807 142 11.9164
36.50120 108 10.3923
36.51433 109 10.4403
36.52746 125 11.1803
36.54059 119 10.9087
36.55372 122 11.0454
36.56685 101 10.0499
36.57998 116 10.7703
36.59311 101 10.0499
36.60624 94 9.69536
36.61937 99 9.94987
36.63250 120 10.9545
36.64563 102 10.0995
36.65876 127 11.2694
36.67189 137 11.7047
36.68502 105 10.247
36.69815 129 11.3578
36.71128 115 10.7238
36.72441 120 10.9545
36.73754 119 10.9087
36.75067 103 10.1489
36.76380 114 10.6771
36.77693 102 10.0995
36.79006 115 10.7238
36.80319 113 10.6301
36.81632 94 9.69536
36.82945 117 10.8167
36.84258 99 9.94987
36.85571 90 9.48683
36.86884 101 10.0499
36.88197 96 9.79796
36.89510 103 10.1489
36.90823 85 9.21954
36.92136 102 10.0995
36.93449 111 10.5357
36.94762 90 9.48683
36.96075 118 10.8628
36.97388 97 9.84886
36.98701 110 10.4881
37.00014 127 11.2694
37.01327 118 10.8628
37.02640 116 10.7703
37.03953 123 11.0905
37.05266 111 10.5357
37.06579 132 11.4891
37.07892 91 9.53939
37.09205 129 11.3578
37.10518 146 12.083
37.11831 121 11
37.13144 135 11.6189
37.14457 150 12.2474
37.15770 146 12.083
37.17083 159 12.6095
37.18396 150 12.2474
37.19709 136 11.6619
37.21022 153 12.3693
37.22335 161 12.6886
37.23648 131 11.4455
37.24961 151 12.2882
37.26274 116 10.7703
37.27587 161 12.6886
37.28900 152 12.3288
37.30213 143 11.9583
37.31526 138 11.7473
37.32839 126 11.225
37.34152 117 10.8167
37.35465 111 10.5357
37.36778 106 10.2956
37.38091 124 11.1355
37.39404 105 10.247
37.40717 105 10.247
37.42030 113 10.6301
37.43343 99 9.94987
37.44656 118 10.8628
37.45969 92 9.59166
37.47282 93 9.64365
37.48595 119 10.9087
37.49908 124 11.1355
37.51221 90 9.48683
37.52534 115 10.7238
37.53847 104 10.198
37.55160 106 10.2956
37.56473 101 10.0499
37.57786 114 10.6771
37.59099 115 10.7238
37.60412 110 10.4881
37.61725 106 10.2956
37.63038 91 9.53939
37.64351 98 9.8995
37.65664 101 10.0499
37.66977 85 9.21954
37.68290 107 10.3441
37.69603 81 9
37.70916 113 10.6301
37.72229 93 9.64365
37.73542 78 8.83176
37.74855 98 9.8995
37.76168 93 9.64365
37.77481 99 9.94987
37.78794 98 9.8995
37.80107 77 8.77497
37.81420 89 9.43398
37.82733 96 9.79796
37.84046 86 9.27362
37.85359 117 10.8167
37.86672 88 9.38083
37.87985 101 10.0499
37.89298 102 10.0995
37.90611 96 9.79796
37.91924 80 8.94427
37.93237 98 9.8995
37.94550 98 9.8995
37.95863 93 9.64365
37.97176 96 9.79796
37.98489 87 9.32738
37.99802 99 9.94987
38.01115 94 9.69536
38.02428 101 10.0499
38.03741 95 9.74679
38.05054 94 9.69536
38.06367 82 9.05539
38.07680 86 9.27362
38.08993 84 9.16515
38.10306 88 9.38083
38.11619 86 9.27362
38.12932 90 9.48683
38.14245 87 9.32738
38.15558 90 9.48683
38.16871 104 10.198
38.18184 89 9.43398
38.19497 92 9.59166
38.20810 84 9.16515
38.22123 87 9.32738
38.23436 94 9.69536
38.24749 95 9.74679
38.26062 73 8.544
38.27375 84 9.16515
38.28688 111 10.5357
38.30001 99 9.94987
38.31314 79 8.88819
38.32627 82 9.05539
38.33940 74 8.60233
38.35253 101 10.0499
38.36566 79 8.88819
38.37879 79 8.88819
38.39192 78 8.83176
38.40505 83 9.11043
38.41818 97 9.84886
38.43131 107 10.3441
38.44444 88 9.38083
38.45757 102 10.0995
38.47070 89 9.43398
38.48383 100 10
38.49696 91 9.53939
38.51009 99 9.94987
38.52322 104 10.198
38.53635 123 11.0905
38.54948 118 10.8628
38.56261 78 8.83176
38.57574 95 9.74679
38.58887 90 9.48683
38.60200 103 10.1489
38.61513 102 10.0995
38.62826 105 10.247
38.64139 111 10.5357
38.65452 104 10.198
38.66765 102 10.0995
38.68078 95 9.74679
38.69391 100 10
38.70704 106 10.2956
38.72017 100 10
38.73330 105 10.247
38.74643 106 10.2956
38.75956 91 9.53939
38.77269 108 10.3923
38.78582 113 10.6301
38.79895 111 10.5357
38.81208 129 11.3578
38.82521 121 11
38.83834 105 10.247
38.85147 102 10.0995
38.86460 101 10.0499
38.87773 119 10.9087
38.89086 102 10.0995
38.90399 132 11.4891
38.91712 120 10.9545
38.93025 136 11.6619
38.94338 115 10.7238
38.95651 125 11.1803
38.96964 135 11.6189
38.98277 103 10.1489
38.99590 133 11.5326
39.00903 126 11.225
39.02216 146 12.083
39.03529 143 11.9583
39.04842 130 11.4018
39.06155 137 11.7047
39.07468 119 10.9087
39.08781 121 11
39.10094 133 11.5326
39.11407 124 11.1355
39.12720 99 9.94987
39.14033 134 11.5758
39.15346 123 11.0905
39.16659 114 10.6771
39.17972 143 11.9583
39.19285 124 11.1355
39.20598 120 10.9545
39.21911 120 10.9545
39.23224 117 10.8167
39.24537 134 11.5758
39.25850 131 11.4455
39.27163 119 10.9087
39.28476 123 11.0905
39.29789 113 10.6301
39.31102 106 10.2956
39.32415 98 9.8995
39.33728 108 10.3923
39.35041 121 11
39.36354 111 10.5357
39.37667 94 9.69536
39.38980 101 10.0499
39.40293 85 9.21954
39.41606 106 10.2956
39.42919 93 9.64365
39.44232 105 10.247
39.45545 98 9.8995
39.46858 89 9.43398
39.48171 100 10
39.49484 74 8.60233
39.50797 104 10.198
39.52110 97 9.84886
39.53423 103 10.1489
39.54736 107 10.3441
39.56049 105 10.247
39.57362 98 9.8995
39.58675 76 8.7178
39.59988 108 10.3923
39.61301 97 9.84886
39.62614 104 10.198
39.63927 87 9.32738
39.65240 82 9.05539
39.66553 90 9.48683
39.67866 109 10.4403
39.69179 102 10.0995
39.70492 97 9.84886
39.71805 97 9.84886
39.73118 102 10.0995
39.74431 102 10.0995
39.75744 123 11.0905
39.77057 124 11.1355
39.78370 107 10.3441
39.79683 88 9.38083
39.80996 113 10.6301
39.82309 113 10.6301
39.83622 111 10.5357
39.84935 119 10.9087
39.86248 110 10.4881
39.87561 102 10.0995
39.88874 109 10.4403
39.90187 107 10.3441
39.91500 93 9.64365
39.92813 101 10.0499
39.94126 134 11.5758
39.95439 92 9.59166
39.96752 102 10.0995
39.98065 108 10.3923
39.99378 94 9.69536
