# fwhm_typ 0.21121 noise 33.869
4.29724 189.819 993.289 0.1911 30.9
7.52995 288.645 971.186 0.2972 23.6
8.26289 260.557 742.836 0.3508 14.2
9.08987 407.480 1680.131 0.2425 46.0
10.82654 2596.420 12745.941 0.2037 395.0
12.06884 992.708 4215.513 0.2355 122.4
12.95381 398.099 1903.305 0.2092 51.8
14.28397 363.237 1820.661 0.1995 48.7
15.31099 1167.053 4701.095 0.2483 72.0
15.72347 1629.761 6612.332 0.2465 151.0
16.61429 3684.552 20793.956 0.1772 618.4
17.70289 3440.521 13921.972 0.2471 389.8
18.37376 2159.524 7715.541 0.2799 169.5
19.16148 2812.846 6400.540 0.4395 126.7
20.75045 1058.741 3254.453 0.3253 30.1
21.07852 1421.472 4677.550 0.3039 64.9
22.06065 2284.716 8217.240 0.2780 113.4
22.25175 1534.964 3616.607 0.4244 5.9
22.79680 1537.986 5961.529 0.2580 123.7
23.65548 4977.873 18755.615 0.2654 444.5
24.34273 6383.055 25401.873 0.2513 774.9
25.99707 431.353 944.502 0.4567 10.5
26.42521 583.056 1488.248 0.3918 37.4
27.31790 1269.363 3476.900 0.3651 42.3
27.84198 3485.460 11485.747 0.3035 334.0
28.53769 395.060 848.898 0.4654 14.0
29.47337 1411.472 6947.590 0.2032 198.4
31.42496 798.712 2581.862 0.3094 68.1
32.55807 173.163 641.199 0.2701 6.3
32.85495 307.161 1227.825 0.2502 25.6
33.32034 594.057 2046.436 0.2903 60.9
34.27800 198.234 635.285 0.3120 14.9
35.16707 1128.866 3112.520 0.3627 94.3
36.71274 869.534 2042.323 0.4258 56.0
37.26937 451.592 1237.334 0.3650 18.9
38.27406 113.751 541.915 0.2099 14.6
39.79693 139.229 367.438 0.3789 7.8
40.60185 458.352 963.210 0.4759 29.7
41.24280 265.240 682.652 0.3885 12.6
42.21633 259.616 808.745 0.3210 23.6
43.49547 606.288 1326.569 0.4570 45.4
45.68553 201.640 425.353 0.4741 10.1
48.95436 278.349 529.864 0.5253 5.8
51.73539 261.998 499.174 0.5249 6.2
52.75846 165.934 415.325 0.3995 10.7
54.28605 280.480 555.459 0.5050 15.3
