# fwhm_typ 0.01702 noise 9.244
0.56880 0.496 72.876 0.0068 5.3
0.84747 0.569 45.363 0.0125 5.2
1.10046 1.486 38.800 0.0383 5.1
1.89679 17.251 1461.627 0.0118 137.1
2.55346 78.358 7549.419 0.0104 681.6
3.41772 15.116 1662.351 0.0091 142.3
3.79616 3.349 258.209 0.0130 23.4
3.90973 9.784 965.265 0.0101 83.9
4.16380 70.432 6064.585 0.0116 562.1
4.92487 10.919 634.462 0.0172 50.7
5.01245 75.212 5460.471 0.0138 514.3
5.10964 23.627 1876.384 0.0126 161.0
5.21379 67.742 4131.749 0.0164 400.3
5.46920 40.305 2695.084 0.0150 137.5
5.50330 114.977 7317.273 0.0157 724.2
5.69680 10.036 280.079 0.0358 11.2
5.79088 35.415 1737.326 0.0204 167.4
5.82168 30.444 1643.460 0.0185 99.4
5.94802 21.776 1288.367 0.0169 90.9
5.99613 37.452 2091.884 0.0179 197.2
6.03719 17.814 852.397 0.0209 46.2
6.25007 74.014 5050.491 0.0147 485.3
6.38228 5.969 249.576 0.0239 16.5
6.64499 15.163 1074.770 0.0141 96.7
6.72551 12.460 632.457 0.0197 54.7
6.83925 77.559 6928.234 0.0112 625.3
6.96640 13.218 775.568 0.0170 69.7
7.07504 31.279 1416.358 0.0221 39.2
7.10257 114.139 3771.581 0.0303 413.7
7.17297 27.009 1497.051 0.0180 120.0
7.32799 146.926 10180.341 0.0144 996.4
7.59838 3.690 147.714 0.0250 8.1
7.66894 7.067 319.759 0.0221 15.2
7.70579 13.691 454.836 0.0301 26.4
7.73720 12.559 442.526 0.0284 21.9
7.78869 28.066 1685.167 0.0167 164.7
7.82423 11.565 558.325 0.0207 27.4
7.85742 9.596 360.326 0.0266 17.4
8.13001 58.056 3735.649 0.0155 366.8
8.33383 19.837 1288.483 0.0154 123.7
8.43132 12.525 621.663 0.0201 56.8
8.61417 41.382 2490.042 0.0166 249.6
8.76003 15.617 975.381 0.0160 93.8
8.90542 21.790 1587.706 0.0137 150.9
8.96510 3.585 155.657 0.0230 8.0
9.24817 5.478 247.829 0.0221 15.1
9.30697 31.924 2043.796 0.0156 203.7
9.35975 5.167 278.565 0.0185 17.5
9.43456 23.223 876.019 0.0265 87.0
9.50053 3.520 159.395 0.0221 8.9
9.78089 4.878 163.924 0.0298 12.6
9.84600 11.018 440.530 0.0250 36.3
9.93170 13.872 659.680 0.0210 69.7
10.03097 11.786 584.990 0.0201 58.7
10.05910 7.509 313.175 0.0240 9.8
10.23288 16.019 797.306 0.0201 81.5
10.28050 7.974 309.864 0.0257 20.5
10.37728 4.995 208.971 0.0239 17.1
10.44164 9.747 603.276 0.0162 56.5
10.61347 20.457 919.210 0.0223 97.5
10.74052 33.092 856.032 0.0387 89.6
10.95066 5.280 275.446 0.0192 13.1
11.01874 9.874 326.744 0.0302 9.6
11.40785 4.585 185.271 0.0247 12.9
11.44941 5.064 259.022 0.0196 22.8
11.53668 13.963 419.596 0.0333 43.4
11.68128 10.850 328.783 0.0330 15.3
11.74710 8.087 317.342 0.0255 7.3
11.79415 8.536 369.588 0.0231 27.2
11.95273 9.670 227.356 0.0425 18.4
12.05744 26.076 1268.432 0.0206 134.8
12.08412 17.479 647.395 0.0270 18.9
12.32086 2.225 95.289 0.0234 9.9
12.44695 4.135 161.982 0.0255 9.5
12.47829 4.823 122.112 0.0395 5.7
12.63536 5.592 231.522 0.0242 20.3
12.78982 21.281 569.618 0.0374 62.4
12.84762 11.519 529.589 0.0218 38.1
12.92171 6.878 228.099 0.0302 18.2
13.02038 7.104 224.055 0.0317 17.6
13.08279 5.578 260.864 0.0214 20.7
13.17784 2.047 68.630 0.0298 5.2
13.31608 6.273 214.337 0.0293 12.1
13.40172 4.629 157.315 0.0294 13.2
13.47267 3.630 100.251 0.0362 7.2
13.70954 8.115 191.173 0.0425 24.1
13.79633 6.320 184.671 0.0342 15.1
13.92772 5.464 235.198 0.0232 23.5
14.00600 2.248 92.641 0.0243 6.7
14.26510 12.633 366.930 0.0344 39.1
14.45726 4.731 130.114 0.0364 8.6
14.68104 8.375 287.961 0.0291 30.2
15.04928 4.429 173.252 0.0256 7.8
15.09267 9.676 322.689 0.0300 35.3
15.54180 2.912 90.766 0.0321 6.3
15.65615 8.867 314.271 0.0282 34.3
15.74761 3.704 123.310 0.0300 10.0
15.94047 3.742 160.352 0.0233 15.4
17.21709 5.457 190.627 0.0286 21.5
17.34981 3.965 108.246 0.0366 9.4
18.40208 1.546 47.032 0.0329 5.3
19.98487 2.827 68.913 0.0410 7.6
21.74980 2.365 64.662 0.0366 5.3
